0,5,2
18.969,6,2
33.453,6,3
40.103,6,4
0,5,2
2.2848,5,3
2.2883,4,3
2.8277,3,3
5.5916,2,3
6.5214,2,2
9.2191,1,2
9.3955,0,2
9.4613,0,1
9.4886,0,0
0,5,2
3.3955,6,2
6.8793,6,3
8.3153,7,3
15.712,8,3
25.548,7,3
27.669,6,3
31.415,6,4
36.114,6,5
45.921,5,5
52.688,6,5
58.347,6,6
60.097,5,6
69.838,4,6
73.202,4,7
79.156,4,8
86.181,3,8
89.995,3,9
99.347,3,8
0,5,2
0.5016,5,3
7.4962,4,3
8.6732,4,4
10.418,4,5
15.884,3,5
22.818,3,6
29.279,3,7
32.104,3,6
36.002,2,6
46.26,2,7
47.786,2,8
47.797,2,9
51.976,1,9
54.343,0,9
56.508,0,8
58.224,0,7
58.354,0,6
58.508,0,5
59.479,0,4
60.529,0,3
61.146,0,2
61.526,0,1
61.564,0,0
0,500,200
