0
0.011019
0.022038
0.033056
0.044075
0.055094
0.066113
0.077132
0.088151
0.097922
0.10769
0.11747
0.12724
0.13625
0.14526
0.15427
0.16328
0.17098
0.17868
0.18639
0.19409
0.20079
0.20749
0.21419
0.22089
0.22742
0.23394
0.24047
0.24699
0.25295
0.25891
0.26487
0.27083
0.27664
0.28246
0.28828
0.29409
0.29955
0.30501
0.31046
0.31592
0.32108
0.32623
0.33138
0.33654
0.34085
0.34517
0.34949
0.3538
0.35773
0.36166
0.36559
0.36952
0.37326
0.37699
0.38073
0.38447
0.38801
0.39156
0.3951
0.39865
0.40188
0.40511
0.40834
0.41157
0.41472
0.41787
0.42102
0.42417
0.42706
0.42995
0.43284
0.43573
0.43858
0.44142
0.44427
0.44711
0.45002
0.45293
0.45585
0.45876
0.46153
0.46431
0.46709
0.46987
0.47238
0.4749
0.47742
0.47994
0.48229
0.48463
0.48698
0.48932
0.49151
0.4937
0.49588
0.49807
0.50031
0.50256
0.5048
0.50705
0.50948
0.51191
0.51434
0.51677
0.51912
0.52148
0.52384
0.52619
0.52868
0.53116
0.53365
0.53614
0.53836
0.54058
0.5428
0.54502
0.54701
0.549
0.55099
0.55298
0.55503
0.55709
0.55914
0.56119
0.56309
0.565
0.5669
0.56881
0.57067
0.57254
0.57441
0.57627
0.57786
0.57945
0.58105
0.58264
0.58429
0.58594
0.5876
0.58925
0.59087
0.59249
0.59411
0.59574
0.59716
0.59859
0.60002
0.60144
0.60288
0.60431
0.60575
0.60719
0.60866
0.61013
0.61161
0.61308
0.61444
0.61579
0.61715
0.6185
0.61989
0.62128
0.62267
0.62406
0.62548
0.6269
0.62832
0.62974
0.63106
0.63238
0.6337
0.63502
0.63632
0.63762
0.63892
0.64022
0.64152
0.64283
0.64413
0.64543
0.64675
0.64807
0.64939
0.6507
0.65207
0.65343
0.6548
0.65617
0.65741
0.65865
0.65989
0.66113
0.66229
0.66346
0.66462
0.66579
0.66704
0.66828
0.66953
0.67078
0.67195
0.67312
0.6743
0.67547
0.67655
0.67764
0.67873
0.67981
0.6809
0.68199
0.68308
0.68416
0.68532
0.68648
0.68764
0.6888
0.68993
0.69106
0.69219
0.69332
0.69453
0.69575
0.69696
0.69817
0.69938
0.70058
0.70178
0.70298
0.70411
0.70524
0.70637
0.7075
0.70868
0.70986
0.71104
0.71221
0.71343
0.71464
0.71585
0.71707
0.71833
0.71959
0.72085
0.72211
0.72325
0.72438
0.72552
0.72666
0.72774
0.72883
0.72991
0.731
0.73216
0.73333
0.73449
0.73565
0.73677
0.7379
0.73902
0.74014
0.74127
0.7424
0.74354
0.74467
0.74584
0.74701
0.74819
0.74936
0.75054
0.75173
0.75292
0.7541
0.75538
0.75666
0.75794
0.75922
0.76043
0.76165
0.76287
0.76409
0.76537
0.76665
0.76794
0.76922
0.77042
0.77163
0.77284
0.77405
0.77535
0.77666
0.77797
0.77928
0.78053
0.78178
0.78303
0.78428
0.78545
0.78661
0.78778
0.78894
0.79006
0.79117
0.79228
0.7934
0.79451
0.79562
0.79673
0.79784
0.79899
0.80015
0.8013
0.80245
0.80366
0.80487
0.80608
0.80728
0.80856
0.80984
0.81112
0.8124
0.81367
0.81494
0.81621
0.81748
0.81869
0.8199
0.82112
0.82233
0.82346
0.82458
0.82571
0.82683
0.828
0.82917
0.83033
0.8315
0.83272
0.83394
0.83515
0.83637
0.83755
0.83873
0.83991
0.84109
0.84226
0.84343
0.84459
0.84576
0.84693
0.84811
0.84928
0.85046
0.85169
0.85292
0.85415
0.85538
0.85663
0.85788
0.85913
0.86037
0.86163
0.86289
0.86415
0.86541
0.86659
0.86776
0.86893
0.8701
0.87124
0.87238
0.87351
0.87465
0.8758
0.87695
0.8781
0.87925
0.88033
0.88142
0.8825
0.88359
0.88466
0.88574
0.88682
0.8879
0.88901
0.89012
0.89123
0.89234
0.89352
0.89469
0.89587
0.89704
0.89827
0.89951
0.90074
0.90197
0.90314
0.90431
0.90548
0.90665
0.9078
0.90895
0.91011
0.91126
0.91241
0.91356
0.9147
0.91585
0.91701
0.91817
0.91933
0.92049
0.92159
0.92269
0.92379
0.92489
0.92596
0.92704
0.92812
0.92919
0.93024
0.9313
0.93235
0.9334
0.9345
0.9356
0.9367
0.9378
0.93886
0.93992
0.94097
0.94203
0.94311
0.94418
0.94526
0.94633
0.94741
0.94848
0.94956
0.95063
0.95168
0.95274
0.9538
0.95485
0.95594
0.95702
0.9581
0.95919
0.96033
0.96148
0.96263
0.96377
0.96485
0.96594
0.96702
0.9681
0.96918
0.97025
0.97133
0.9724
0.97347
0.97454
0.97562
0.97669
0.97781
0.97894
0.98006
0.98119
0.9824
0.98361
0.98482
0.98603
0.98717
0.98832
0.98946
0.99061
0.99175
0.9929
0.99405
0.99519
0.99635
0.99751
0.99867
0.99983
1.001
1.0021
1.0033
1.0045
1.0057
1.0069
1.0081
1.0093
1.0105
1.0117
1.0128
1.014
1.0152
1.0164
1.0176
1.0188
1.0199
1.021
1.0222
1.0233
1.0245
1.0257
1.0268
1.028
1.0292
1.0304
1.0316
1.0328
1.0339
1.0351
1.0362
1.0374
1.0385
1.0397
1.0408
1.042
1.0432
1.0444
1.0456
1.0468
1.0479
1.0491
1.0502
1.0514
1.0525
1.0536
1.0547
1.0559
1.0569
1.0579
1.059
1.06
1.0611
1.0622
1.0633
1.0644
1.0654
1.0665
1.0676
1.0687
1.0698
1.0709
1.072
1.0731
1.0742
1.0752
1.0763
1.0774
1.0785
1.0796
1.0807
1.0818
1.0828
1.0839
1.085
1.086
1.087
1.0881
1.0891
1.0901
1.0912
1.0923
1.0933
1.0944
1.0955
1.0966
1.0977
1.0988
1.0999
1.101
1.1021
1.1032
1.1043
1.1054
1.1065
1.1076
1.1088
1.11
1.1112
1.1123
1.1135
1.1147
1.1159
1.1171
1.1183
1.1195
1.1206
1.1218
1.1229
1.124
1.1251
1.1262
1.1273
1.1285
1.1296
1.1307
1.1317
1.1327
1.1338
1.1348
1.1357
1.1367
1.1376
1.1386
1.1395
1.1404
1.1413
1.1422
1.1432
1.1441
1.1451
1.1461
1.147
1.1479
1.1488
1.1497
1.1507
1.1516
1.1526
1.1535
1.1545
1.1555
1.1564
1.1574
1.1584
1.1594
1.1604
1.1614
1.1624
1.1634
1.1644
1.1654
1.1664
1.1674
1.1683
1.1693
1.1703
1.1713
1.1723
1.1733
1.1743
1.1752
1.1762
1.1772
1.1782
1.1792
1.1803
1.1813
1.1823
1.1834
1.1844
1.1854
1.1865
1.1875
1.1886
1.1896
1.1907
1.1917
1.1927
1.1938
1.1948
1.1959
1.1969
1.198
1.199
1.2
1.2011
1.2021
1.2031
1.2042
1.2052
1.2062
1.2072
1.2082
1.2091
1.2101
1.2111
1.212
1.213
1.2139
1.2149
1.2159
1.2169
1.218
1.219
1.22
1.221
1.222
1.2231
1.2241
1.2251
1.2262
1.2272
1.2282
1.2292
1.2302
1.2312
1.2321
1.2331
1.2341
1.2351
1.2361
1.2371
1.2381
1.2392
1.2402
1.2413
1.2423
1.2433
1.2442
1.2452
1.2462
1.2472
1.2482
1.2492
1.2502
1.2512
1.2521
1.253
1.254
1.255
1.2559
1.2569
1.2579
1.2589
1.2599
1.2609
1.262
1.2629
1.2639
1.2648
1.2657
1.2667
1.2676
1.2686
1.2695
1.2705
1.2714
1.2723
1.2732
1.2741
1.2751
1.2761
1.277
1.278
1.2789
1.2799
1.2809
1.2818
1.2828
1.2838
1.2848
1.2857
1.2866
1.2875
1.2885
1.2894
1.2903
1.2913
1.2922
1.2932
1.2941
1.2951
1.2961
1.297
1.298
1.299
1.3
1.301
1.302
1.3029
1.3039
1.3048
1.3057
1.3066
1.3074
1.3083
1.3092
1.3102
1.3111
1.312
1.3129
1.3138
1.3147
1.3157
1.3166
1.3176
1.3185
1.3194
1.3203
1.3212
1.3222
1.323
1.3239
1.3247
1.3256
1.3264
1.3273
1.3282
1.329
1.3299
1.3307
1.3316
1.3325
1.3334
1.3343
1.3352
1.3361
1.3369
1.3377
1.3385
1.3393
1.3402
1.341
1.3418
1.3427
1.3435
1.3443
1.3451
1.3459
1.3467
1.3474
1.3482
1.349
1.3498
1.3506
1.3513
1.3521
1.3529
1.3538
1.3546
1.3554
1.3563
1.3571
1.358
1.3589
1.3597
1.3606
1.3615
1.3623
1.3632
1.364
1.3649
1.3657
1.3665
1.3673
1.3682
1.369
1.3698
1.3706
1.3715
1.3723
1.3731
1.3739
1.3747
1.3755
1.3763
1.3772
1.378
1.3788
1.3797
1.3806
1.3814
1.3823
1.3832
1.3841
1.3849
1.3858
1.3866
1.3875
1.3884
1.3892
1.3901
1.391
1.3918
1.3927
1.3936
1.3944
1.3953
1.3962
1.397
1.3978
1.3986
1.3994
1.4002
1.4009
1.4017
1.4025
1.4033
1.404
1.4048
1.4056
1.4064
1.4071
1.4079
1.4087
1.4094
1.4102
1.4109
1.4117
1.4125
1.4133
1.4141
1.4149
1.4157
1.4166
1.4174
1.4182
1.419
1.4198
1.4206
1.4214
1.4222
1.423
1.4237
1.4245
1.4253
1.426
1.4268
1.4276
1.4284
1.4292
1.4299
1.4307
1.4315
1.4322
1.433
1.4338
1.4345
1.4353
1.4361
1.4369
1.4377
1.4385
1.4393
1.4401
1.4409
1.4416
1.4424
1.4432
1.4439
1.4447
1.4455
1.4463
1.447
1.4478
1.4486
1.4494
1.4501
1.4509
1.4517
1.4524
1.4531
1.4539
1.4546
1.4553
1.456
1.4568
1.4576
1.4583
1.4591
1.4599
1.4607
1.4615
1.4622
1.463
1.4638
1.4646
1.4653
1.4661
1.4669
1.4677
1.4685
1.4693
1.4701
1.4709
1.4717
1.4725
1.4734
1.4742
1.475
1.4759
1.4767
1.4776
1.4784
1.4792
1.48
1.4807
1.4816
1.4824
1.4832
1.4841
1.4849
1.4857
1.4866
1.4874
1.4883
1.4891
1.49
1.4908
1.4917
1.4925
1.4933
1.4941
1.4949
1.4957
1.4965
1.4973
1.4981
1.4989
1.4997
1.5005
1.5012
1.502
1.5028
1.5035
1.5043
1.505
1.5058
1.5065
1.5072
1.508
1.5087
1.5094
1.5101
1.5107
1.5114
1.5121
1.5127
1.5134
1.514
1.5147
1.5153
1.516
1.5166
1.5173
1.518
1.5187
1.5194
1.5201
1.5207
1.5214
1.5221
1.5228
1.5235
1.5242
1.5249
1.5255
1.5262
1.5269
1.5276
1.5282
1.5289
1.5296
1.5303
1.531
1.5318
1.5325
1.5333
1.534
1.5347
1.5353
1.536
1.5367
1.5374
1.538
1.5387
1.5394
1.5401
1.5408
1.5415
1.5422
1.543
1.5437
1.5445
1.5452
1.546
1.5467
1.5474
1.5481
1.5488
1.5495
1.5502
1.5509
1.5516
1.5523
1.553
1.5537
1.5544
1.5551
1.5558
1.5565
1.5572
1.5579
1.5586
1.5593
1.56
1.5607
1.5615
1.5622
1.5629
1.5637
1.5644
1.5652
1.5659
1.5667
1.5674
1.5682
1.5689
1.5697
1.5704
1.5712
1.5719
1.5727
1.5734
1.5742
1.5749
1.5756
1.5764
1.5771
1.5779
1.5786
1.5793
1.5801
1.5808
1.5816
1.5823
1.583
1.5838
1.5845
1.5852
1.5859
1.5867
1.5874
1.5881
1.5889
1.5896
1.5903
1.5911
1.5918
1.5925
1.5932
1.5939
1.5946
1.5953
1.596
1.5968
1.5975
1.5982
1.599
1.5997
1.6005
1.6012
1.602
1.6027
1.6035
1.6042
1.605
1.6057
1.6065
1.6072
1.6079
1.6087
1.6094
1.6101
1.6108
1.6114
1.6121
1.6128
1.6135
1.6142
1.6148
1.6155
1.6163
1.617
1.6177
1.6184
1.6191
1.6198
1.6205
1.6212
1.6219
1.6225
1.6232
1.6239
1.6246
1.6254
1.6261
1.6268
1.6274
1.6281
1.6288
1.6295
1.6302
1.6309
1.6315
1.6323
1.633
1.6338
1.6345
1.6353
1.636
1.6367
1.6374
1.6381
1.6388
1.6395
1.6402
1.6408
1.6415
1.6421
1.6428
1.6435
1.6442
1.6448
1.6455
1.6461
1.6468
1.6474
1.648
1.6487
1.6493
1.65
1.6506
1.6512
1.6518
1.6524
1.653
1.6536
1.6542
1.6548
1.6554
1.656
1.6567
1.6573
1.6579
1.6586
1.6592
1.6599
1.6605
1.6612
1.6619
1.6626
1.6633
1.664
1.6647
1.6655
1.6662
1.6669
1.6676
1.6683
1.669
1.6697
1.6704
1.6711
1.6719
1.6726
1.6733
1.674
1.6748
1.6755
1.6762
1.6769
1.6776
1.6783
1.679
1.6797
1.6804
1.6811
1.6819
1.6826
1.6833
1.6841
1.6848
1.6856
1.6863
1.6871
1.6879
1.6887
1.6895
1.6903
1.6911
1.6919
1.6927
1.6935
1.6942
1.695
1.6958
1.6965
1.6972
1.698
1.6987
1.6994
1.7001
1.7008
1.7015
1.7023
1.703
1.7037
1.7045
1.7052
1.7059
1.7067
1.7074
1.7082
1.7089
1.7096
1.7104
1.7111
1.7118
1.7125
1.7132
1.7139
1.7146
1.7153
1.716
1.7167
1.7174
1.7181
1.7188
1.7196
1.7203
1.721
1.7217
1.7225
1.7233
1.724
1.7248
1.7255
1.7262
1.7269
1.7276
1.7283
1.729
1.7297
1.7304
1.7311
1.7318
1.7324
1.7331
1.7338
1.7345
1.7351
1.7358
1.7365
1.7372
1.7379
1.7386
1.7393
1.74
1.7407
1.7414
1.7421
1.7428
1.7435
1.7442
1.7449
1.7456
1.7462
1.7469
1.7476
1.7483
1.749
1.7497
1.7504
1.751
1.7517
1.7524
1.7531
1.7537
1.7544
1.7551
1.7557
1.7564
1.7571
1.7578
1.7585
1.7591
1.7598
1.7605
1.7612
1.7619
1.7626
1.7632
1.7639
1.7645
1.7652
1.7658
1.7664
1.767
1.7677
1.7683
1.7689
1.7695
1.77
1.7706
1.7713
1.7719
1.7725
1.7732
1.7738
1.7744
1.7751
1.7757
1.7763
1.7769
1.7775
1.7781
1.7787
1.7793
1.7799
1.7805
1.7811
1.7817
1.7823
1.7829
1.7835
1.7841
1.7847
1.7853
1.7859
1.7865
1.7871
1.7877
1.7884
1.789
1.7896
1.7902
1.7908
1.7914
1.7921
1.7927
1.7933
1.794
1.7946
1.7953
1.796
1.7967
1.7973
1.798
1.7987
1.7994
1.8001
1.8008
1.8015
1.8022
1.8029
1.8035
1.8042
1.8049
1.8056
1.8062
1.8069
1.8076
1.8083
1.809
1.8097
1.8104
1.8111
1.8117
1.8124
1.8131
1.8138
1.8145
1.8152
1.8159
1.8166
1.8172
1.8179
1.8186
1.8192
1.8199
1.8205
1.8212
1.8218
1.8225
1.8231
1.8238
1.8244
1.8251
1.8257
1.8264
1.827
1.8277
1.8283
1.829
1.8296
1.8303
1.8309
1.8316
1.8323
1.8329
1.8336
1.8342
1.8348
1.8355
1.8361
1.8368
1.8374
1.8381
1.8388
1.8394
1.8401
1.8408
1.8415
1.8421
1.8428
1.8435
1.8441
1.8447
1.8453
1.846
1.8466
1.8473
1.848
1.8486
1.8493
1.85
1.8507
1.8513
1.852
1.8527
1.8534
1.854
1.8547
1.8554
1.8561
1.8568
1.8574
1.8581
1.8587
1.8593
1.8599
1.8605
1.8611
1.8617
1.8623
1.8629
1.8635
1.8641
1.8648
1.8654
1.866
1.8666
1.8672
1.8678
1.8685
1.8691
1.8697
1.8704
1.8711
1.8717
1.8724
1.873
1.8736
1.8743
1.8749
1.8756
1.8763
1.8769
1.8775
1.8781
1.8787
1.8794
1.88
1.8805
1.8811
1.8817
1.8823
1.8829
1.8835
1.8841
1.8847
1.8853
1.8859
1.8865
1.8871
1.8878
1.8884
1.889
1.8896
1.8901
1.8907
1.8913
1.8919
1.8926
1.8932
1.8938
1.8945
1.8951
1.8957
1.8963
1.897
1.8976
1.8982
1.8988
1.8995
1.9001
1.9007
1.9013
1.902
1.9026
1.9033
1.9039
1.9046
1.9052
1.9058
1.9065
1.9071
1.9077
1.9083
1.9089
1.9095
1.9101
1.9107
1.9113
1.912
1.9126
1.9132
1.9138
1.9144
1.915
1.9157
1.9163
1.9169
1.9175
1.9181
1.9188
1.9194
1.9201
1.9207
1.9214
1.922
1.9226
1.9233
1.9239
1.9245
1.9252
1.9258
1.9264
1.9271
1.9277
1.9283
1.9289
1.9296
1.9302
1.9308
1.9315
1.9321
1.9327
1.9333
1.9339
1.9345
1.9352
1.9358
1.9364
1.937
1.9377
1.9383
1.9389
1.9396
1.9402
1.9409
1.9415
1.9421
1.9428
1.9434
1.944
1.9446
1.9452
1.9459
1.9465
1.9471
1.9477
1.9483
1.9489
1.9495
1.9501
1.9507
1.9514
1.952
1.9526
1.9532
1.9539
1.9545
1.9551
1.9558
1.9564
1.957
1.9576
1.9583
1.9589
1.9595
1.9602
1.9608
1.9614
1.9621
1.9627
1.9634
1.964
1.9647
1.9653
1.9659
1.9666
1.9671
1.9677
1.9683
1.9688
1.9694
1.97
1.9705
1.9711
1.9716
1.9722
1.9728
1.9733
1.9739
1.9745
1.975
1.9756
1.9762
1.9768
1.9774
1.978
1.9786
1.9793
1.9799
1.9805
1.9811
1.9817
1.9823
1.9829
1.9835
1.9842
1.9848
1.9854
1.986
1.9867
1.9873
1.988
1.9886
1.9893
1.9899
1.9906
1.9912
1.9919
1.9925
1.9931
1.9937
1.9944
1.995
1.9956
1.9963
1.9969
1.9975
1.9981
1.9987
1.9993
2
2.0006
2.0012
2.0018
2.0024
2.003
2.0036
2.0042
2.0048
2.0055
2.0061
2.0067
2.0074
2.008
2.0086
2.0093
2.0099
2.0106
2.0112
2.0119
2.0125
2.0132
2.0138
2.0144
2.015
2.0157
2.0163
2.0169
2.0175
2.0182
2.0188
2.0195
2.0201
2.0207
2.0214
2.022
2.0226
2.0233
2.0239
2.0246
2.0252
2.0258
2.0264
2.027
2.0276
2.0282
2.0288
2.0295
2.0301
2.0307
2.0313
2.0319
2.0326
2.0332
2.0338
2.0344
2.035
2.0357
2.0363
2.0369
2.0376
2.0382
2.0388
2.0395
2.0401
2.0408
2.0414
2.042
2.0426
2.0432
2.0438
2.0444
2.0449
2.0455
2.0461
2.0466
2.0472
2.0477
2.0483
2.0488
2.0493
2.0499
2.0505
2.0511
2.0516
2.0522
2.0528
2.0534
2.054
2.0546
2.0552
2.0558
2.0564
2.057
2.0576
2.0581
2.0587
2.0592
2.0598
2.0603
2.0609
2.0614
2.0619
2.0625
2.063
2.0635
2.064
2.0645
2.0651
2.0656
2.0661
2.0666
2.0671
2.0677
2.0682
2.0687
2.0692
2.0697
2.0702
2.0707
2.0712
2.0717
2.0722
2.0727
2.0732
2.0738
2.0743
2.0748
2.0753
2.0759
2.0764
2.077
2.0775
2.0781
2.0787
2.0792
2.0798
2.0804
2.081
2.0816
2.0821
2.0827
2.0833
2.0839
2.0845
2.0851
2.0856
2.0862
2.0868
2.0874
2.088
2.0885
2.0891
2.0897
2.0903
2.0909
2.0914
2.092
2.0926
2.0931
2.0937
2.0942
2.0948
2.0954
2.096
2.0966
2.0972
2.0978
2.0984
2.099
2.0995
2.1001
2.1007
2.1013
2.1019
2.1024
2.103
2.1036
2.1042
2.1048
2.1054
2.106
2.1066
2.1072
2.1078
2.1085
2.1091
2.1098
2.1104
2.111
2.1117
2.1123
2.1129
2.1135
2.1141
2.1147
2.1153
2.116
2.1166
2.1172
2.1179
2.1185
2.1191
2.1198
2.1204
2.121
2.1216
2.1223
2.1229
2.1235
2.1241
2.1247
2.1254
2.126
2.1266
2.1272
2.1278
2.1284
2.129
2.1296
2.1302
2.1308
2.1314
2.1321
2.1327
2.1333
2.1339
2.1345
2.1352
2.1358
2.1364
2.137
2.1376
2.1382
2.1388
2.1394
2.14
2.1406
2.1412
2.1417
2.1423
2.1428
2.1434
2.144
2.1445
2.1451
2.1456
2.1462
2.1467
2.1473
2.1478
2.1484
2.1489
2.1495
2.1501
2.1507
2.1512
2.1518
2.1524
2.153
2.1536
2.1543
2.1549
2.1555
2.1561
2.1568
2.1574
2.1579
2.1585
2.1591
2.1597
2.1603
2.1609
2.1615
2.1621
2.1626
2.1632
2.1637
2.1643
2.1649
2.1655
2.1661
2.1666
2.1672
2.1677
2.1683
2.1688
2.1694
2.1699
2.1705
2.171
2.1715
2.172
2.1725
2.1731
2.1736
2.1742
2.1747
2.1752
2.1758
2.1764
2.1769
2.1775
2.1781
2.1787
2.1793
2.1799
2.1804
2.181
2.1816
2.1822
2.1827
2.1833
2.1839
2.1845
2.1851
2.1857
2.1863
2.1868
2.1874
2.188
2.1886
2.1892
2.1898
2.1904
2.191
2.1916
2.1922
2.1928
2.1934
2.194
2.1945
2.1951
2.1957
2.1963
2.1969
2.1975
2.198
2.1986
2.1992
2.1997
2.2003
2.2009
2.2014
2.202
2.2026
2.2031
2.2037
2.2043
2.2048
2.2054
2.206
2.2066
2.2072
2.2077
2.2083
2.2089
2.2094
2.21
2.2105
2.2111
2.2116
2.2122
2.2127
2.2133
2.2138
2.2144
2.215
2.2155
2.2161
2.2166
2.2172
2.2178
2.2183
2.2189
2.2195
2.22
2.2206
2.2212
2.2218
2.2223
2.2229
2.2235
2.224
2.2246
2.2252
2.2257
2.2263
2.2268
2.2274
2.228
2.2285
2.2291
2.2297
2.2303
2.2309
2.2315
2.2321
2.2327
2.2333
2.2339
2.2345
2.2352
2.2358
2.2364
2.237
2.2376
2.2382
2.2388
2.2394
2.24
2.2406
2.2412
2.2418
2.2424
2.243
2.2436
2.2441
2.2447
2.2453
2.2459
2.2465
2.2471
2.2477
2.2483
2.2489
2.2495
2.2501
2.2507
2.2512
2.2518
2.2524
2.253
2.2536
2.2542
2.2548
2.2554
2.2559
2.2565
2.2571
2.2577
2.2583
2.2589
2.2595
2.26
2.2606
2.2612
2.2618
2.2624
2.263
2.2635
2.2641
2.2646
2.2652
2.2658
2.2663
2.2669
2.2674
2.2679
2.2685
2.269
2.2695
2.27
2.2706
2.2711
2.2716
2.2722
2.2727
2.2733
2.2738
2.2743
2.2749
2.2754
2.2759
2.2765
2.277
2.2776
2.2781
2.2786
2.2792
2.2797
2.2802
2.2808
2.2814
2.282
2.2825
2.2831
2.2837
2.2843
2.2849
2.2855
2.286
2.2866
2.2872
2.2878
2.2883
2.2888
2.2893
2.2899
2.2904
2.291
2.2915
2.2921
2.2926
2.2931
2.2937
2.2943
2.2948
2.2954
2.2959
2.2965
2.297
2.2976
2.2982
2.2987
2.2992
2.2998
2.3003
2.3009
2.3014
2.302
2.3025
2.3031
2.3037
2.3042
2.3048
2.3054
2.3059
2.3065
2.3071
2.3076
2.3082
2.3087
2.3093
2.3098
2.3104
2.3109
2.3115
2.312
2.3126
2.3131
2.3137
2.3142
2.3147
2.3153
2.3158
2.3163
2.3169
2.3174
2.3179
2.3184
2.3189
2.3195
2.32
2.3205
2.3211
2.3216
2.3221
2.3227
2.3232
2.3238
2.3243
2.3249
2.3254
2.326
2.3266
2.3271
2.3277
2.3283
2.3289
2.3294
2.33
2.3306
2.3312
2.3318
2.3323
2.3329
2.3335
2.3341
2.3347
2.3352
2.3358
2.3364
2.3369
2.3375
2.3381
2.3386
2.3392
2.3397
2.3403
2.3408
2.3413
2.3418
2.3423
2.3429
2.3434
2.3439
2.3444
2.3449
2.3454
2.3459
2.3464
2.3469
2.3474
2.3479
2.3484
2.3489
2.3494
2.3499
2.3504
2.3509
2.3513
2.3518
2.3523
2.3528
2.3533
2.3537
2.3542
2.3547
2.3552
2.3557
2.3562
2.3567
2.3572
2.3577
2.3583
2.3587
2.3592
2.3597
2.3602
2.3607
2.3612
2.3617
2.3622
2.3628
2.3633
2.3638
2.3644
2.3649
2.3654
2.366
2.3665
2.3671
2.3676
2.3682
2.3687
2.3693
2.3698
2.3704
2.3709
2.3714
2.372
2.3725
2.3731
2.3736
2.3742
2.3747
2.3753
2.3759
2.3764
2.377
2.3775
2.3781
2.3786
2.3791
2.3796
2.3801
2.3806
2.3812
2.3817
2.3822
2.3827
2.3833
2.3838
2.3843
2.3849
2.3855
2.386
2.3866
2.3871
2.3877
2.3882
2.3887
2.3892
2.3897
2.3902
2.3907
2.3913
2.3918
2.3923
2.3928
2.3933
2.3938
2.3943
2.3948
2.3953
2.3958
2.3963
2.3968
2.3973
2.3978
2.3983
2.3988
2.3993
2.3998
2.4003
2.4008
2.4013
2.4018
2.4023
2.4027
2.4032
2.4036
2.4041
2.4046
2.405
2.4055
2.406
2.4064
2.4068
2.4073
2.4077
2.4082
2.4087
2.4092
2.4097
2.4102
2.4106
2.4111
2.4116
2.4121
2.4126
2.4131
2.4136
2.4142
2.4147
2.4152
2.4157
2.4162
2.4167
2.4172
2.4177
2.4182
2.4187
2.4192
2.4197
2.4202
2.4208
2.4213
2.4218
2.4223
2.4228
2.4234
2.4239
2.4244
2.4249
2.4254
2.4259
2.4265
2.427
2.4275
2.428
2.4285
2.429
2.4296
2.4301
2.4306
2.4311
2.4317
2.4322
2.4327
2.4332
2.4337
2.4342
2.4347
2.4352
2.4357
2.4362
2.4367
2.4372
2.4377
2.4382
2.4387
2.4392
2.4397
2.4402
2.4408
2.4413
2.4418
2.4423
2.4429
2.4434
2.4439
2.4444
2.4449
2.4455
2.446
2.4465
2.4471
2.4476
2.4481
2.4487
2.4492
2.4498
2.4503
2.4509
2.4514
2.4519
2.4524
2.4529
2.4535
2.454
2.4545
2.4551
2.4556
2.4561
2.4566
2.4572
2.4577
2.4582
2.4587
2.4592
2.4597
2.4601
2.4606
2.4611
2.4616
2.4621
2.4626
2.4631
2.4636
2.4641
2.4645
2.465
2.4655
2.466
2.4665
2.467
2.4676
2.4681
2.4686
2.4692
2.4697
2.4703
2.4708
2.4713
2.4719
2.4725
2.473
2.4736
2.4742
2.4747
2.4753
2.4758
2.4764
2.477
2.4775
2.4781
2.4786
2.4792
2.4798
2.4803
2.4809
2.4814
2.482
2.4825
2.483
2.4836
2.4841
2.4846
2.4851
2.4857
2.4862
2.4868
2.4873
2.4878
2.4884
2.4889
2.4894
2.4899
2.4905
2.491
2.4915
2.492
2.4925
2.493
2.4935
2.494
2.4945
2.495
2.4955
2.496
2.4965
2.497
2.4975
2.4981
2.4986
2.4991
2.4996
2.5002
2.5007
2.5012
2.5018
2.5023
2.5028
2.5034
2.5039
2.5045
2.5051
2.5056
2.5062
2.5067
2.5073
2.5079
2.5084
2.509
2.5095
2.5101
2.5107
2.5113
2.5119
2.5124
2.513
2.5136
2.5142
2.5148
2.5154
2.5159
2.5165
2.5171
2.5177
2.5182
2.5188
2.5194
2.5199
2.5204
2.521
2.5215
2.522
2.5225
2.5231
2.5236
2.5241
2.5246
2.5251
2.5256
2.5261
2.5266
2.5272
2.5277
2.5282
2.5288
2.5293
2.5298
2.5304
2.5309
2.5315
2.532
2.5326
2.5331
2.5337
2.5343
2.5348
2.5354
2.5359
2.5365
2.5371
2.5376
2.5382
2.5388
2.5393
2.5399
2.5404
2.5409
2.5415
2.542
2.5425
2.543
2.5436
2.5441
2.5447
2.5452
2.5458
2.5463
2.5468
2.5474
2.5479
2.5485
2.549
2.5495
2.5501
2.5506
2.5511
2.5517
2.5521
2.5526
2.5531
2.5536
2.5541
2.5546
2.5551
2.5556
2.5561
2.5566
2.5571
2.5576
2.5581
2.5585
2.559
2.5595
2.5599
2.5604
2.5609
2.5613
2.5618
2.5622
2.5627
2.5632
2.5637
2.5642
2.5647
2.5652
2.5657
2.5663
2.5668
2.5673
2.5678
2.5684
2.5689
2.5694
2.57
2.5705
2.5711
2.5716
2.5722
2.5728
2.5734
2.574
2.5745
2.5751
2.5757
2.5762
2.5768
2.5774
2.578
2.5785
2.5791
2.5797
2.5802
2.5808
2.5814
2.5819
2.5825
2.583
2.5836
2.5841
2.5846
2.5851
2.5857
2.5862
2.5867
2.5873
2.5878
2.5883
2.5888
2.5893
2.5898
2.5904
2.5909
2.5914
2.592
2.5925
2.5931
2.5936
2.5941
2.5946
2.5951
2.5957
2.5962
2.5967
2.5972
2.5977
2.5982
2.5987
2.5992
2.5997
2.6003
2.6008
2.6013
2.6018
2.6024
2.6029
2.6034
2.6039
2.6044
2.605
2.6055
2.606
2.6066
2.6071
2.6077
2.6082
2.6087
2.6093
2.6098
2.6103
2.6108
2.6113
2.6119
2.6124
2.6128
2.6133
2.6138
2.6143
2.6148
2.6152
2.6157
2.6162
2.6167
2.6172
2.6177
2.6182
2.6187
2.6192
2.6197
2.6202
2.6207
2.6212
2.6217
2.6222
2.6227
2.6232
2.6237
2.6242
2.6247
2.6252
2.6257
2.6261
2.6266
2.6271
2.6276
2.6281
2.6286
2.6291
2.6296
2.6301
2.6306
2.6311
2.6317
2.6322
2.6327
2.6332
2.6336
2.6341
2.6346
2.6352
2.6357
2.6362
2.6367
2.6372
2.6378
2.6383
2.6388
2.6394
2.6399
2.6404
2.6409
2.6415
2.642
2.6425
2.643
2.6435
2.644
2.6445
2.645
2.6455
2.646
2.6466
2.6471
2.6476
2.6481
2.6486
2.6491
2.6496
2.6501
2.6506
2.6511
2.6516
2.6521
2.6526
2.6531
2.6536
2.6541
2.6546
2.6551
2.6556
2.6561
2.6566
2.6571
2.6576
2.6581
2.6586
2.6591
2.6596
2.6601
2.6607
2.6612
2.6617
2.6622
2.6628
2.6633
2.6638
2.6644
2.6649
2.6654
2.6659
2.6665
2.667
2.6675
2.668
2.6685
2.6691
2.6696
2.6702
2.6707
2.6712
2.6718
2.6723
2.6729
2.6734
2.6739
2.6745
2.675
2.6756
2.6761
2.6767
2.6772
2.6777
2.6783
2.6788
2.6794
2.6799
2.6805
2.681
2.6815
2.682
2.6825
2.683
2.6835
2.684
2.6845
2.685
2.6855
2.686
2.6865
2.6871
2.6876
2.6881
2.6886
2.6891
2.6895
2.69
2.6905
2.6909
2.6914
2.6919
2.6924
2.6929
2.6933
2.6938
2.6943
2.6948
2.6953
2.6958
2.6963
2.6968
2.6973
2.6978
2.6983
2.6988
2.6993
2.6998
2.7003
2.7008
2.7013
2.7019
2.7024
2.7029
2.7034
2.7039
2.7044
2.7049
2.7054
2.7059
2.7064
2.7069
2.7074
2.708
2.7085
2.709
2.7096
2.7101
2.7106
2.7111
2.7116
2.7121
2.7126
2.7131
2.7136
2.7141
2.7146
2.7151
2.7156
2.7161
2.7166
2.7171
2.7176
2.7181
2.7186
2.7191
2.7196
2.7201
2.7206
2.7211
2.7217
2.7222
2.7227
2.7233
2.7238
2.7244
2.7249
2.7254
2.726
2.7265
2.727
2.7276
2.7281
2.7286
2.7291
2.7296
2.73
2.7305
2.731
2.7314
2.7319
2.7324
2.7329
2.7334
2.7339
2.7344
2.7349
2.7354
2.7359
2.7365
2.737
2.7375
2.738
2.7386
2.7391
2.7396
2.7401
2.7407
2.7412
2.7417
2.7422
2.7427
2.7432
2.7437
2.7442
2.7448
2.7452
2.7457
2.7462
2.7467
2.7472
2.7476
2.7481
2.7486
2.7491
2.7496
2.7501
2.7505
2.751
2.7515
2.752
2.7525
2.7531
2.7536
2.7541
2.7546
2.7552
2.7557
2.7562
2.7567
2.7572
2.7577
2.7582
2.7587
2.7592
2.7597
2.7602
2.7607
2.7613
2.7618
2.7623
2.7628
2.7633
2.7638
2.7643
2.7649
2.7653
2.7658
2.7663
2.7668
2.7673
2.7678
2.7683
2.7688
2.7693
2.7698
2.7703
2.7708
2.7713
2.7718
2.7723
2.7727
2.7732
2.7737
2.7742
2.7747
2.7753
2.7758
2.7763
2.7769
2.7774
2.7779
2.7784
2.7789
2.7794
2.7799
2.7804
2.7809
2.7814
2.7819
2.7824
2.783
2.7834
2.7839
2.7843
2.7848
2.7852
2.7857
2.7861
2.7866
2.7871
2.7875
2.788
2.7885
2.7889
2.7894
2.7899
2.7904
2.7908
2.7913
2.7918
2.7922
2.7927
2.7932
2.7936
2.7941
2.7945
2.795
2.7954
2.7959
2.7964
2.7969
2.7974
2.7979
2.7984
2.7989
2.7994
2.7999
2.8004
2.8009
2.8014
2.8019
2.8024
2.8029
2.8034
2.8039
2.8043
2.8048
2.8053
2.8058
2.8063
2.8068
2.8073
2.8078
2.8082
2.8087
2.8092
2.8097
2.8102
2.8107
2.8112
2.8117
2.8122
2.8127
2.8133
2.8138
2.8143
2.8148
2.8153
2.8159
2.8164
2.817
2.8175
2.818
2.8186
2.8192
2.8197
2.8203
2.8209
2.8214
2.822
2.8226
2.8231
2.8237
2.8242
2.8247
2.8253
2.8258
2.8264
2.8269
2.8275
2.828
2.8286
2.8291
2.8297
2.8303
2.8309
2.8314
2.832
2.8325
2.833
2.8335
2.8341
2.8346
2.8351
2.8357
2.8362
2.8367
2.8372
2.8377
2.8382
2.8388
2.8393
2.8398
2.8404
2.8409
2.8414
2.8419
2.8424
2.8429
2.8435
2.844
2.8445
2.845
2.8455
2.8461
2.8466
2.847
2.8475
2.848
2.8485
2.849
2.8495
2.8501
2.8505
2.851
2.8515
2.852
2.8526
2.8531
2.8536
2.8541
2.8546
2.8551
2.8556
2.8561
2.8566
2.8571
2.8575
2.858
2.8585
2.859
2.8595
2.86
2.8605
2.861
2.8615
2.862
2.8625
2.8631
2.8636
2.8641
2.8647
2.8652
2.8657
2.8663
2.8668
2.8673
2.8679
2.8684
2.869
2.8695
2.8701
2.8706
2.8712
2.8717
2.8723
2.8728
2.8734
2.8739
2.8745
2.8751
2.8756
2.8762
2.8767
2.8772
2.8778
2.8783
2.8789
2.8795
2.88
2.8806
2.8811
2.8817
2.8822
2.8827
2.8833
2.8838
2.8843
2.8848
2.8853
2.8858
2.8863
2.8867
2.8872
2.8877
2.8882
2.8887
2.8892
2.8897
2.8902
2.8907
2.8912
2.8917
2.8922
2.8927
2.8933
2.8938
2.8943
2.8948
2.8953
2.8958
2.8964
2.8969
2.8974
2.8979
2.8984
2.8989
2.8994
2.8999
2.9004
2.9009
2.9014
2.9019
2.9024
2.9029
2.9034
2.9039
2.9044
2.9049
2.9054
2.9059
2.9064
2.9069
2.9074
2.9078
2.9083
2.9088
2.9093
2.9098
2.9103
2.9108
2.9113
2.9118
2.9123
2.9128
2.9133
2.9138
2.9144
2.9149
2.9154
2.9159
2.9164
2.917
2.9175
2.918
2.9185
2.919
2.9196
2.9201
2.9206
2.9211
2.9217
2.9222
2.9227
2.9232
2.9237
2.9242
2.9247
2.9253
2.9258
2.9263
2.9268
2.9274
2.9279
2.9285
2.929
2.9295
2.9301
2.9306
2.9312
2.9317
2.9323
2.9328
2.9333
2.9339
2.9344
2.9349
2.9354
2.9359
2.9364
2.9369
2.9374
2.938
2.9385
2.939
2.9396
2.9401
2.9406
2.9412
2.9417
2.9422
2.9428
2.9433
2.9438
2.9444
2.9449
2.9454
2.9459
2.9465
2.947
2.9475
2.9481
2.9486
2.9492
2.9497
2.9503
2.9508
2.9513
2.9518
2.9524
2.9529
2.9534
2.9539
2.9545
2.955
2.9555
2.956
2.9566
2.9571
2.9576
2.9582
2.9586
2.9591
2.9596
2.9601
2.9605
2.961
2.9615
2.962
2.9625
2.963
2.9635
2.964
2.9645
2.965
2.9655
2.966
2.9666
2.9671
2.9676
2.9681
2.9686
2.9691
2.9696
2.9701
2.9706
2.9711
2.9716
2.9721
2.9726
2.9731
2.9736
2.9741
2.9746
2.9751
2.9755
2.976
2.9765
2.977
2.9775
2.978
2.9784
2.9789
2.9794
2.9799
2.9803
2.9808
2.9813
2.9818
2.9823
2.9828
2.9832
2.9837
2.9842
2.9847
2.9852
2.9857
2.9862
2.9867
2.9872
2.9877
2.9881
2.9886
2.9891
2.9895
2.99
2.9904
2.9909
2.9913
2.9918
2.9922
2.9927
2.9931
2.9936
2.994
2.9945
2.995
2.9954
2.9959
2.9964
2.9969
2.9974
2.9979
2.9984
2.9988
2.9993
2.9998
3.0003
3.0008
3.0013
3.0019
3.0024
3.0029
3.0034
3.0038
3.0043
3.0048
3.0053
3.0058
3.0064
3.0069
3.0074
3.0079
3.0084
3.0089
3.0094
3.01
3.0105
3.011
3.0115
3.012
3.0126
3.0131
3.0136
3.0141
3.0147
3.0152
3.0157
3.0162
3.0168
3.0173
3.0178
3.0183
3.0188
3.0192
3.0197
3.0202
3.0207
3.0212
3.0217
3.0222
3.0227
3.0232
3.0237
3.0242
3.0247
3.0252
3.0257
3.0262
3.0267
3.0272
3.0277
3.0282
3.0287
3.0292
3.0297
3.0303
3.0308
3.0313
3.0318
3.0323
3.0328
3.0334
3.0339
3.0344
3.0349
3.0354
3.0359
3.0364
3.0369
3.0374
3.0379
3.0384
3.0389
3.0394
3.0399
3.0404
3.0409
3.0414
3.0419
3.0424
3.0429
3.0434
3.0439
3.0444
3.0449
3.0454
3.0458
3.0463
3.0468
3.0473
3.0478
3.0483
3.0488
3.0493
3.0498
3.0503
3.0508
3.0514
3.0519
3.0524
3.0529
3.0534
3.0539
3.0545
3.055
3.0556
3.0561
3.0567
3.0572
3.0578
3.0583
3.0588
3.0594
3.0599
3.0604
3.0609
3.0614
3.0619
3.0624
3.0629
3.0634
3.064
3.0645
3.065
3.0655
3.066
3.0665
3.067
3.0675
3.0681
3.0686
3.069
3.0695
3.07
3.0705
3.071
3.0714
3.0719
3.0724
3.0729
3.0734
3.0738
3.0743
3.0748
3.0753
3.0758
3.0763
3.0767
3.0772
3.0777
3.0782
3.0787
3.0791
3.0796
3.0801
3.0806
3.0811
3.0815
3.082
3.0825
3.083
3.0834
3.0839
3.0844
3.0848
3.0853
3.0857
3.0862
3.0867
3.0872
3.0876
3.0881
3.0885
3.089
3.0895
3.09
3.0905
3.091
3.0915
3.0919
3.0924
3.0929
3.0934
3.0939
3.0944
3.0949
3.0955
3.096
3.0965
3.097
3.0975
3.098
3.0985
3.0991
3.0995
3.1
3.1005
3.101
3.1015
3.102
3.1025
3.1031
3.1036
3.1041
3.1047
3.1052
3.1057
3.1062
3.1067
3.1072
3.1077
3.1082
3.1087
3.1092
3.1097
3.1102
3.1107
3.1111
3.1116
3.112
3.1125
3.1129
3.1134
3.1139
3.1144
3.1148
3.1153
3.1157
3.1162
3.1167
3.1171
3.1175
3.118
3.1184
3.1189
3.1194
3.1198
3.1203
3.1208
3.1213
3.1217
3.1222
3.1227
3.1232
3.1238
3.1243
3.1248
3.1253
3.1259
3.1264
3.1269
3.1274
3.1279
3.1284
3.129
3.1295
3.13
3.1305
3.131
3.1315
3.132
3.1326
3.1331
3.1336
3.1341
3.1346
3.1351
3.1356
3.1361
3.1366
3.1372
3.1377
3.1382
3.1387
3.1393
3.1398
3.1403
3.1409
3.1414
3.1419
3.1424
3.143
3.1435
3.144
3.1445
3.145
3.1456
3.1461
3.1466
3.1472
3.1477
3.1482
3.1487
3.1492
3.1497
3.1502
3.1508
3.1513
3.1518
3.1523
3.1528
3.1533
3.1538
3.1543
3.1548
3.1553
3.1558
3.1563
3.1567
3.1572
3.1577
3.1582
3.1587
3.1592
3.1597
3.1602
3.1607
3.1612
3.1616
3.1621
3.1626
3.1631
3.1636
3.1641
3.1646
3.165
3.1655
3.166
3.1665
3.167
3.1675
3.168
3.1684
3.1689
3.1694
3.1699
3.1704
3.1708
3.1713
3.1718
3.1723
3.1728
3.1732
3.1737
3.1742
3.1747
3.1752
3.1756
3.1761
3.1766
3.177
3.1775
3.178
3.1785
3.1789
3.1794
3.1798
3.1803
3.1808
3.1813
3.1818
3.1823
3.1828
3.1833
3.1838
3.1843
3.1848
3.1853
3.1858
3.1863
3.1867
3.1872
3.1877
3.1881
3.1886
3.1891
3.1896
3.19
3.1905
3.191
3.1915
3.192
3.1925
3.193
3.1935
3.194
3.1946
3.1951
3.1956
3.1961
3.1966
3.1971
3.1976
3.1981
3.1987
3.1992
3.1997
3.2002
3.2007
3.2012
3.2016
3.2021
3.2026
3.2031
3.2036
3.2041
3.2046
3.2051
3.2055
3.206
3.2065
3.2069
3.2074
3.2079
3.2083
3.2088
3.2092
3.2097
3.2101
3.2106
3.211
3.2115
3.212
3.2124
3.2129
3.2133
3.2138
3.2143
3.2148
3.2153
3.2158
3.2162
3.2167
3.2172
3.2177
3.2182
3.2186
3.2191
3.2195
3.22
3.2204
3.2209
3.2213
3.2218
3.2223
3.2227
3.2232
3.2237
3.2242
3.2246
3.2251
3.2256
3.226
3.2265
3.227
3.2275
3.2279
3.2284
3.2289
3.2294
3.2299
3.2304
3.2308
3.2313
3.2318
3.2323
3.2328
3.2333
3.2337
3.2342
3.2347
3.2352
3.2357
3.2362
3.2367
3.2372
3.2377
3.2382
3.2386
3.2391
3.2396
3.24
3.2405
3.241
3.2415
3.2419
3.2424
3.2429
3.2434
3.2438
3.2443
3.2448
3.2452
3.2457
3.2462
3.2467
3.2472
3.2477
3.2482
3.2487
3.2492
3.2498
3.2503
3.2508
3.2513
3.2518
3.2522
3.2527
3.2531
3.2536
3.2541
3.2546
3.255
3.2555
3.256
3.2565
3.257
3.2575
3.258
3.2585
3.2589
3.2594
3.2599
3.2604
3.2609
3.2614
3.2619
3.2625
3.263
3.2635
3.264
3.2645
3.265
3.2655
3.266
3.2664
3.2669
3.2674
3.2679
3.2683
3.2688
3.2693
3.2697
3.2702
3.2706
3.2711
3.2716
3.272
3.2725
3.273
3.2734
3.2739
3.2743
3.2748
3.2753
3.2757
3.2762
3.2767
3.2772
3.2777
3.2781
3.2786
3.2791
3.2796
3.2801
3.2806
3.2811
3.2816
3.2821
3.2826
3.2831
3.2836
3.284
3.2845
3.285
3.2855
3.286
3.2865
3.2869
3.2874
3.2878
3.2883
3.2888
3.2892
3.2897
3.2902
3.2906
3.2911
3.2916
3.292
3.2925
3.293
3.2934
3.2939
3.2944
3.2949
3.2953
3.2958
3.2963
3.2968
3.2972
3.2977
3.2982
3.2987
3.2992
3.2997
3.3002
3.3007
3.3012
3.3017
3.3022
3.3027
3.3032
3.3037
3.3043
3.3048
3.3053
3.3058
3.3063
3.3068
3.3073
3.3078
3.3084
3.3089
3.3094
3.3099
3.3104
3.3109
3.3114
3.3119
3.3125
3.313
3.3135
3.3141
3.3146
3.3151
3.3156
3.3162
3.3167
3.3172
3.3177
3.3182
3.3187
3.3192
3.3197
3.3202
3.3207
3.3212
3.3217
3.3222
3.3227
3.3232
3.3237
3.3242
3.3247
3.3252
3.3258
3.3263
3.3268
3.3273
3.3278
3.3283
3.3288
3.3293
3.3298
3.3304
3.3309
3.3314
3.3319
3.3324
3.3329
3.3334
3.3339
3.3344
3.3349
3.3354
3.3359
3.3364
3.3369
3.3374
3.3379
3.3384
3.3388
3.3393
3.3398
3.3403
3.3407
3.3412
3.3417
3.3421
3.3426
3.343
3.3435
3.3439
3.3444
3.3449
3.3453
3.3458
3.3462
3.3467
3.3472
3.3476
3.3481
3.3485
3.349
3.3494
3.3499
3.3503
3.3508
3.3512
3.3517
3.3521
3.3526
3.353
3.3535
3.354
3.3544
3.3549
3.3553
3.3558
3.3562
3.3567
3.3571
3.3576
3.3581
3.3585
3.359
3.3595
3.36
3.3604
3.3609
3.3614
3.3619
3.3623
3.3628
3.3633
3.3638
3.3643
3.3647
3.3652
3.3657
3.3661
3.3666
3.3671
3.3675
3.368
3.3685
3.3689
3.3694
3.3699
3.3703
3.3708
3.3713
3.3718
3.3722
3.3727
3.3731
3.3736
3.374
3.3745
3.375
3.3754
3.3759
3.3763
3.3768
3.3772
3.3777
3.3781
3.3786
3.3791
3.3795
3.38
3.3804
3.3809
3.3814
3.3818
3.3823
3.3827
3.3832
3.3837
3.3842
3.3847
3.3852
3.3857
3.3862
3.3867
3.3872
3.3877
3.3882
3.3887
3.3891
3.3896
3.3901
3.3906
3.3911
3.3915
3.392
3.3925
3.3929
3.3934
3.3938
3.3943
3.3948
3.3952
3.3957
3.3962
3.3966
3.3971
3.3975
3.398
3.3984
3.3989
3.3993
3.3998
3.4002
3.4007
3.4011
3.4016
3.402
3.4025
3.403
3.4034
3.4039
3.4044
3.4048
3.4053
3.4058
3.4062
3.4067
3.4072
3.4077
3.4081
3.4086
3.4091
3.4096
3.4101
3.4106
3.411
3.4115
3.412
3.4125
3.413
3.4135
3.4139
3.4144
3.4149
3.4153
3.4157
3.4162
3.4166
3.4171
3.4175
3.4179
3.4183
3.4188
3.4192
3.4196
3.4201
3.4205
3.4209
3.4213
3.4218
3.4222
3.4227
3.4231
3.4235
3.424
3.4244
3.4248
3.4253
3.4257
3.4262
3.4266
3.4271
3.4276
3.428
3.4285
3.429
3.4294
3.4299
3.4304
3.4308
3.4313
3.4318
3.4323
3.4328
3.4333
3.4338
3.4343
3.4348
3.4353
3.4358
3.4362
3.4367
3.4372
3.4377
3.4382
3.4387
3.4392
3.4397
3.4402
3.4406
3.4411
3.4416
3.4421
3.4426
3.4431
3.4435
3.444
3.4445
3.445
3.4454
3.4459
3.4464
3.4469
3.4474
3.4478
3.4483
3.4488
3.4493
3.4498
3.4503
3.4508
3.4512
3.4517
3.4522
3.4527
3.4532
3.4537
3.4542
3.4546
3.4551
3.4555
3.456
3.4564
3.4569
3.4573
3.4578
3.4582
3.4587
3.4592
3.4596
3.4601
3.4605
3.461
3.4615
3.462
3.4624
3.4629
3.4634
3.4639
3.4643
3.4648
3.4653
3.4658
3.4663
3.4667
3.4672
3.4677
3.4682
3.4686
3.4691
3.4696
3.4701
3.4705
3.471
3.4715
3.472
3.4724
3.4729
3.4734
3.4739
3.4744
3.4749
3.4755
3.476
3.4765
3.477
3.4775
3.478
3.4785
3.479
3.4795
3.48
3.4804
3.4809
3.4813
3.4818
3.4822
3.4827
3.4831
3.4836
3.484
3.4845
3.4849
3.4854
3.4859
3.4863
3.4868
3.4873
3.4877
3.4882
3.4887
3.4891
3.4896
3.4901
3.4906
3.4911
3.4915
3.492
3.4925
3.493
3.4935
3.494
3.4945
3.495
3.4954
3.4959
3.4964
3.4969
3.4974
3.498
3.4985
3.499
3.4995
3.5
3.5005
3.501
3.5015
3.502
3.5025
3.503
3.5035
3.504
3.5045
3.5049
3.5054
3.5059
3.5064
3.5069
3.5075
3.508
3.5085
3.509
3.5095
3.51
3.5105
3.511
3.5116
3.5121
3.5126
3.5131
3.5136
3.5141
3.5146
3.5151
3.5156
3.5161
3.5166
3.517
3.5175
3.518
3.5185
3.519
3.5195
3.52
3.5205
3.521
3.5215
3.522
3.5225
3.523
3.5235
3.5239
3.5245
3.525
3.5255
3.526
3.5265
3.5271
3.5276
3.5281
3.5287
3.5292
3.5297
3.5303
3.5308
3.5314
3.5319
3.5324
3.533
3.5335
3.534
3.5345
3.535
3.5355
3.536
3.5365
3.5369
3.5374
3.5379
3.5384
3.5388
3.5393
3.5398
3.5403
3.5407
3.5412
3.5417
3.5421
3.5426
3.5431
3.5436
3.5441
3.5446
3.5451
3.5456
3.5461
3.5466
3.547
3.5475
3.548
3.5485
3.549
3.5495
3.55
3.5504
3.5509
3.5514
3.5519
3.5524
3.5529
3.5533
3.5538
3.5542
3.5547
3.5552
3.5556
3.5561
3.5566
3.557
3.5575
3.558
3.5585
3.559
3.5595
3.5599
3.5604
3.5609
3.5614
3.5619
3.5624
3.5629
3.5634
3.5638
3.5643
3.5648
3.5653
3.5658
3.5663
3.5668
3.5673
3.5678
3.5683
3.5688
3.5693
3.5698
3.5703
3.5708
3.5713
3.5718
3.5722
3.5727
3.5731
3.5736
3.5741
3.5746
3.5751
3.5756
3.576
3.5765
3.577
3.5775
3.578
3.5785
3.5789
3.5794
3.5799
3.5803
3.5808
3.5813
3.5817
3.5822
3.5826
3.5831
3.5835
3.584
3.5844
3.5849
3.5853
3.5857
3.5862
3.5866
3.5871
3.5875
3.588
3.5884
3.5889
3.5894
3.5898
3.5903
3.5907
3.5912
3.5917
3.5921
3.5926
3.5931
3.5936
3.594
3.5945
3.595
3.5955
3.5959
3.5964
3.5969
3.5974
3.5978
3.5983
3.5988
3.5993
3.5998
3.6002
3.6007
3.6012
3.6017
3.6022
3.6027
3.6032
3.6037
3.6041
3.6046
3.6051
3.6056
3.6061
3.6066
3.6071
3.6076
3.6081
3.6086
3.609
3.6095
3.61
3.6105
3.6109
3.6114
3.6119
3.6124
3.6128
3.6133
3.6138
3.6143
3.6148
3.6153
3.6158
3.6162
3.6167
3.6172
3.6177
3.6182
3.6187
3.6192
3.6196
3.6201
3.6206
3.621
3.6215
3.622
3.6224
3.6229
3.6233
3.6238
3.6242
3.6247
3.6252
3.6257
3.6261
3.6266
3.6271
3.6276
3.6281
3.6286
3.6291
3.6296
3.6301
3.6305
3.631
3.6315
3.632
3.6325
3.633
3.6334
3.6339
3.6344
3.635
3.6355
3.636
3.6365
3.637
3.6375
3.638
3.6385
3.639
3.6395
3.64
3.6405
3.641
3.6415
3.642
3.6425
3.643
3.6436
3.6441
3.6446
3.6451
3.6456
3.6461
3.6466
3.6471
3.6476
3.6482
3.6487
3.6492
3.6497
3.6502
3.6507
3.6513
3.6518
3.6523
3.6528
3.6534
3.6539
3.6544
3.6549
3.6554
3.6559
3.6564
3.6569
3.6574
3.6579
3.6584
3.6589
3.6594
3.6599
3.6604
3.6609
3.6614
3.6619
3.6624
3.6629
3.6634
3.6639
3.6644
3.6649
3.6655
3.666
3.6665
3.667
3.6675
3.668
3.6685
3.669
3.6694
3.6699
3.6704
3.6709
3.6714
3.6719
3.6724
3.6729
3.6734
3.6739
3.6744
3.6749
3.6753
3.6758
3.6763
3.6768
3.6773
3.6777
3.6782
3.6787
3.6792
3.6796
3.6801
3.6805
3.681
3.6815
3.6819
3.6824
3.6828
3.6833
3.6837
3.6842
3.6847
3.6851
3.6856
3.6861
3.6866
3.687
3.6875
3.688
3.6884
3.6889
3.6894
3.6898
3.6903
3.6907
3.6911
3.6916
3.692
3.6924
3.6929
3.6933
3.6938
3.6943
3.6947
3.6952
3.6957
3.6962
3.6966
3.6971
3.6976
3.6981
3.6986
3.699
3.6995
3.7
3.7004
3.7009
3.7013
3.7018
3.7023
3.7027
3.7032
3.7037
3.7042
3.7046
3.7051
3.7056
3.706
3.7065
3.707
3.7074
3.7079
3.7084
3.7088
3.7093
3.7097
3.7102
3.7107
3.7111
3.7116
3.7121
3.7126
3.7131
3.7136
3.7141
3.7146
3.7151
3.7156
3.7161
3.7167
3.7172
3.7177
3.7182
3.7187
3.7192
3.7197
3.7202
3.7206
3.7211
3.7216
3.722
3.7225
3.723
3.7234
3.7239
3.7244
3.7249
3.7253
3.7258
3.7262
3.7267
3.7272
3.7276
3.7281
3.7285
3.729
3.7295
3.7299
3.7304
3.7309
3.7314
3.7318
3.7323
3.7327
3.7332
3.7336
3.7341
3.7345
3.735
3.7355
3.7359
3.7364
3.7368
3.7373
3.7378
3.7382
3.7387
3.7392
3.7397
3.7402
3.7407
3.7412
3.7417
3.7422
3.7427
3.7432
3.7437
3.7442
3.7448
3.7453
3.7458
3.7463
3.7468
3.7474
3.7479
3.7484
3.7489
3.7494
3.7499
3.7504
3.7508
3.7513
3.7518
3.7523
3.7527
3.7532
3.7537
3.7542
3.7546
3.7551
3.7556
3.756
3.7565
3.7569
3.7574
3.7578
3.7583
3.7588
3.7593
3.7597
3.7602
3.7606
3.7611
3.7615
3.762
3.7624
3.7629
3.7633
3.7638
3.7643
3.7647
3.7652
3.7657
3.7662
3.7666
3.7671
3.7676
3.768
3.7685
3.7689
3.7694
3.7698
3.7703
3.7708
3.7712
3.7717
3.7722
3.7726
3.7731
3.7736
3.774
3.7745
3.775
3.7755
3.776
3.7765
3.7769
3.7774
3.7779
3.7784
3.7789
3.7794
3.7799
3.7804
3.7809
3.7814
3.7819
3.7824
3.7829
3.7834
3.7839
3.7843
3.7848
3.7853
3.7859
3.7864
3.7869
3.7874
3.7879
3.7884
3.7889
3.7894
3.7899
3.7904
3.7909
3.7914
3.7919
3.7924
3.7928
3.7933
3.7938
3.7942
3.7947
3.7952
3.7956
3.7961
3.7966
3.797
3.7975
3.798
3.7984
3.7988
3.7993
3.7997
3.8002
3.8006
3.801
3.8015
3.8019
3.8023
3.8028
3.8032
3.8036
3.8041
3.8045
3.8049
3.8054
3.8058
3.8062
3.8067
3.8071
3.8076
3.808
3.8084
3.8089
3.8094
3.8099
3.8104
3.8108
3.8113
3.8118
3.8122
3.8127
3.8132
3.8136
3.8141
3.8146
3.815
3.8155
3.8159
3.8164
3.8169
3.8173
3.8178
3.8182
3.8187
3.8191
3.8196
3.8201
3.8205
3.821
3.8215
3.8219
3.8224
3.8229
3.8233
3.8238
3.8242
3.8247
3.8252
3.8257
3.8261
3.8266
3.8271
3.8276
3.8281
3.8285
3.829
3.8295
3.8299
3.8304
3.8309
3.8314
3.8319
3.8324
3.8328
3.8334
3.8339
3.8344
3.8349
3.8354
3.8359
3.8364
3.8369
3.8374
3.8379
3.8384
3.8389
3.8394
3.8399
3.8404
3.8409
3.8414
3.8419
3.8424
3.843
3.8435
3.844
3.8445
3.845
3.8455
3.8461
3.8466
3.8472
3.8477
3.8482
3.8488
3.8493
3.8499
3.8504
3.851
3.8515
3.8521
3.8526
3.8531
3.8537
3.8542
3.8547
3.8552
3.8557
3.8562
3.8567
3.8572
3.8577
3.8582
3.8587
3.8592
3.8597
3.8602
3.8607
3.8612
3.8617
3.8622
3.8627
3.8633
3.8638
3.8643
3.8648
3.8653
3.8658
3.8663
3.8668
3.8673
3.8678
3.8684
3.8689
3.8695
3.87
3.8705
3.871
3.8716
3.8721
3.8726
3.8732
3.8737
3.8742
3.8748
3.8754
3.8759
3.8765
3.8771
3.8776
3.8782
3.8788
3.8793
3.8799
3.8804
3.8809
3.8815
3.882
3.8825
3.883
3.8835
3.884
3.8845
3.8849
3.8855
3.886
3.8865
3.887
3.8875
3.888
3.8885
3.889
3.8895
3.89
3.8906
3.8911
3.8916
3.8921
3.8926
3.8931
3.8937
3.8942
3.8947
3.8952
3.8957
3.8962
3.8968
3.8973
3.8978
3.8983
3.8988
3.8994
3.8999
3.9004
3.9009
3.9014
3.9019
3.9024
3.9029
3.9034
3.9039
3.9044
3.9049
3.9054
3.9059
3.9064
3.9069
3.9073
3.9078
3.9083
3.9088
3.9093
3.9098
3.9103
3.9107
3.9112
3.9117
3.9122
3.9127
3.9132
3.9137
3.9142
3.9146
3.9151
3.9156
3.916
3.9165
3.9169
3.9174
3.9178
3.9183
3.9188
3.9192
3.9197
3.9202
3.9206
3.9211
3.9216
3.9221
3.9226
3.923
3.9235
3.924
3.9245
3.925
3.9254
3.9259
3.9264
3.9269
3.9274
3.9279
3.9284
3.9289
3.9294
3.9299
3.9304
3.9309
3.9314
3.9319
3.9324
3.9329
3.9333
3.9338
3.9343
3.9348
3.9352
3.9357
3.9362
3.9366
3.9371
3.9376
3.938
3.9385
3.939
3.9395
3.9399
3.9404
3.9409
3.9414
3.9418
3.9423
3.9428
3.9433
3.9438
3.9443
3.9448
3.9453
3.9458
3.9463
3.9468
3.9473
3.9479
3.9483
3.9488
3.9493
3.9498
3.9503
3.9508
3.9513
3.9517
3.9522
3.9527
3.9531
3.9536
3.9541
3.9545
3.955
3.9554
3.9559
3.9563
3.9568
3.9573
3.9577
3.9582
3.9587
3.9591
3.9596
3.9601
3.9605
3.961
3.9614
3.9619
3.9623
3.9628
3.9632
3.9637
3.9642
3.9646
3.9651
3.9655
3.966
3.9664
3.9669
3.9673
3.9677
3.9682
3.9686
3.9691
3.9695
3.97
3.9705
3.9709
3.9714
3.9719
3.9723
3.9728
3.9733
3.9737
3.9742
3.9747
3.9751
3.9756
3.9761
3.9766
3.977
3.9775
3.978
3.9785
3.979
3.9796
3.98
3.9805
3.981
3.9815
3.982
3.9824
3.9829
3.9833
3.9838
3.9843
3.9847
3.9852
3.9857
3.9861
3.9866
3.9871
3.9875
3.988
3.9885
3.9889
3.9894
3.9898
3.9903
3.9907
3.9912
3.9916
3.9921
3.9925
3.9929
3.9934
3.9938
3.9942
3.9946
3.9951
3.9955
3.996
3.9964
3.9968
3.9973
3.9977
3.9981
3.9986
3.999
3.9994
3.9999
4.0004
4.0008
4.0013
4.0017
4.0022
4.0026
4.003
4.0035
4.004
4.0044
4.0049
4.0053
4.0058
4.0063
4.0068
4.0073
4.0077
4.0082
4.0087
4.0091
4.0096
4.0101
4.0106
4.011
4.0114
4.0119
4.0123
4.0128
4.0133
4.0138
4.0142
4.0147
4.0152
4.0156
4.0161
4.0166
4.0171
4.0176
4.018
4.0185
4.019
4.0195
4.02
4.0205
4.021
4.0215
4.022
4.0225
4.023
4.0235
4.024
4.0245
4.025
4.0255
4.026
4.0265
4.027
4.0275
4.0279
4.0284
4.0289
4.0294
4.0299
4.0304
4.0309
4.0314
4.0319
4.0324
4.0329
4.0334
4.0339
4.0344
4.0349
4.0354
4.0358
4.0363
4.0368
4.0373
4.0378
4.0383
4.0388
4.0393
4.0398
4.0403
4.0408
4.0412
4.0417
4.0423
4.0428
4.0433
4.0438
4.0443
4.0448
4.0454
4.0459
4.0464
4.0469
4.0474
4.0479
4.0484
4.0489
4.0494
4.0499
4.0504
4.051
4.0515
4.052
4.0525
4.053
4.0535
4.054
4.0545
4.055
4.0556
4.0561
4.0566
4.0571
4.0575
4.058
4.0585
4.059
4.0595
4.06
4.0605
4.061
4.0615
4.062
4.0625
4.063
4.0635
4.064
4.0645
4.065
4.0655
4.0659
4.0665
4.067
4.0675
4.068
4.0685
4.069
4.0695
4.07
4.0705
4.071
4.0714
4.0719
4.0724
4.0729
4.0735
4.074
4.0745
4.075
4.0755
4.076
4.0765
4.077
4.0775
4.078
4.0785
4.079
4.0795
4.08
4.0805
4.081
4.0815
4.082
4.0825
4.0829
4.0834
4.0839
4.0844
4.0849
4.0854
4.0859
4.0864
4.0868
4.0873
4.0878
4.0883
4.0888
4.0893
4.0898
4.0902
4.0907
4.0912
4.0917
4.0922
4.0927
4.0932
4.0936
4.0941
4.0946
4.0951
4.0956
4.096
4.0965
4.0969
4.0974
4.0979
4.0983
4.0988
4.0992
4.0997
4.1002
4.1006
4.1011
4.1016
4.1021
4.1025
4.103
4.1035
4.104
4.1044
4.1049
4.1054
4.1059
4.1064
4.1069
4.1074
4.1079
4.1084
4.109
4.1095
4.11
4.1105
4.1111
4.1116
4.1121
4.1126
4.1132
4.1137
4.1142
4.1147
4.1153
4.1158
4.1164
4.1169
4.1175
4.118
4.1185
4.1191
4.1196
4.1201
4.1207
4.1212
4.1217
4.1222
4.1227
4.1232
4.1237
4.1242
4.1246
4.1251
4.1256
4.126
4.1265
4.127
4.1275
4.128
4.1284
4.1289
4.1294
4.1299
4.1304
4.1309
4.1313
4.1318
4.1324
4.1329
4.1334
4.1339
4.1344
4.1349
4.1354
4.1359
4.1364
4.137
4.1375
4.138
4.1385
4.139
4.1395
4.14
4.1405
4.141
4.1415
4.142
4.1425
4.143
4.1435
4.144
4.1445
4.145
4.1455
4.146
4.1465
4.147
4.1475
4.148
4.1485
4.149
4.1494
4.1499
4.1504
4.1509
4.1514
4.1519
4.1523
4.1528
4.1533
4.1538
4.1543
4.1548
4.1553
4.1558
4.1563
4.1568
4.1573
4.1578
4.1583
4.1588
4.1594
4.1599
4.1604
4.1609
4.1614
4.1619
4.1624
4.1629
4.1634
4.1639
4.1645
4.165
4.1655
4.166
4.1666
4.1671
4.1676
4.1681
4.1686
4.1691
4.1697
4.1702
4.1707
4.1712
4.1717
4.1722
4.1727
4.1732
4.1737
4.1742
4.1747
4.1751
4.1756
4.1761
4.1766
4.1771
4.1776
4.1781
4.1786
4.1791
4.1796
4.18
4.1805
4.181
4.1815
4.182
4.1826
4.1831
4.1836
4.1841
4.1846
4.1851
4.1856
4.1861
4.1866
4.1871
4.1875
4.188
4.1885
4.189
4.1894
4.1899
4.1904
4.1909
4.1914
4.1919
4.1924
4.1929
4.1934
4.1938
4.1943
4.1947
4.1952
4.1957
4.1962
4.1966
4.1971
4.1976
4.1981
4.1986
4.1991
4.1996
4.2001
4.2006
4.201
4.2015
4.202
4.2025
4.203
4.2034
4.2039
4.2044
4.2049
4.2053
4.2058
4.2063
4.2067
4.2072
4.2077
4.2081
4.2086
4.2091
4.2096
4.21
4.2105
4.211
4.2115
4.212
4.2125
4.2129
4.2134
4.2139
4.2144
4.2149
4.2154
4.2158
4.2163
4.2168
4.2173
4.2178
4.2183
4.2188
4.2193
4.2198
4.2203
4.2208
4.2213
4.2218
4.2222
4.2227
4.2232
4.2237
4.2242
4.2246
4.2251
4.2256
4.2261
4.2266
4.2271
4.2275
4.228
4.2285
4.229
4.2295
4.23
4.2305
4.231
4.2315
4.232
4.2325
4.233
4.2335
4.234
4.2345
4.235
4.2355
4.236
4.2365
4.237
4.2375
4.238
4.2385
4.2391
4.2396
4.2401
4.2406
4.2411
4.2417
4.2422
4.2427
4.2433
4.2438
4.2443
4.2448
4.2454
4.2459
4.2465
4.247
4.2475
4.2481
4.2486
4.2491
4.2496
4.2502
4.2507
4.2512
4.2518
4.2523
4.2528
4.2534
4.2539
4.2544
4.255
4.2555
4.2561
4.2566
4.2571
4.2577
4.2582
4.2587
4.2592
4.2597
4.2602
4.2607
4.2612
4.2617
4.2622
4.2627
4.2632
4.2637
4.2642
4.2647
4.2653
4.2658
4.2663
4.2668
4.2673
4.2678
4.2683
4.2688
4.2693
4.2698
4.2703
4.2708
4.2713
4.2718
4.2723
4.2728
4.2733
4.2738
4.2743
4.2748
4.2753
4.2758
4.2763
4.2768
4.2773
4.2778
4.2783
4.2788
4.2793
4.2798
4.2803
4.2808
4.2813
4.2818
4.2823
4.2828
4.2833
4.2837
4.2842
4.2847
4.2852
4.2857
4.2861
4.2866
4.287
4.2874
4.2879
4.2883
4.2887
4.2892
4.2896
4.2901
4.2906
4.291
4.2915
4.292
4.2925
4.2929
4.2934
4.2939
4.2944
4.2948
4.2953
4.2958
4.2963
4.2968
4.2973
4.2979
4.2984
4.2989
4.2994
4.2999
4.3005
4.301
4.3015
4.302
4.3025
4.303
4.3035
4.304
4.3045
4.305
4.3055
4.306
4.3064
4.307
4.3075
4.308
4.3085
4.309
4.3095
4.31
4.3106
4.3111
4.3116
4.3121
4.3127
4.3132
4.3137
4.3142
4.3147
4.3152
4.3157
4.3162
4.3167
4.3172
4.3177
4.3182
4.3187
4.3192
4.3197
4.3202
4.3207
4.3212
4.3217
4.3222
4.3227
4.3233
4.3238
4.3243
4.3248
4.3253
4.3258
4.3263
4.3268
4.3273
4.3278
4.3284
4.3289
4.3294
4.3299
4.3305
4.331
4.3315
4.3321
4.3326
4.3331
4.3337
4.3342
4.3347
4.3353
4.3358
4.3363
4.3368
4.3373
4.3378
4.3383
4.3388
4.3393
4.3398
4.3403
4.3407
4.3412
4.3417
4.3423
4.3428
4.3433
4.3438
4.3443
4.3448
4.3453
4.3458
4.3464
4.3469
4.3474
4.348
4.3485
4.349
4.3495
4.35
4.3505
4.3511
4.3516
4.3521
4.3526
4.3531
4.3537
4.3542
4.3547
4.3552
4.3557
4.3562
4.3567
4.3572
4.3577
4.3582
4.3587
4.3592
4.3597
4.3602
4.3607
4.3612
4.3616
4.3621
4.3626
4.3631
4.3636
4.3641
4.3647
4.3652
4.3657
4.3662
4.3667
4.3673
4.3678
4.3683
4.3688
4.3693
4.3699
4.3704
4.3709
4.3714
4.372
4.3725
4.373
4.3735
4.374
4.3745
4.375
4.3755
4.3761
4.3766
4.3771
4.3776
4.3781
4.3785
4.379
4.3795
4.38
4.3805
4.3809
4.3814
4.3819
4.3824
4.3828
4.3833
4.3838
4.3843
4.3848
4.3853
4.3858
4.3864
4.3869
4.3874
4.3879
4.3884
4.3889
4.3894
4.3899
4.3904
4.3909
4.3914
4.3919
4.3924
4.3929
4.3934
4.3939
4.3944
4.3949
4.3955
4.396
4.3965
4.397
4.3975
4.398
4.3986
4.3991
4.3996
4.4001
4.4006
4.4011
4.4016
4.4022
4.4027
4.4032
4.4037
4.4042
4.4047
4.4052
4.4057
4.4062
4.4068
4.4073
4.4078
4.4084
4.4089
4.4094
4.41
4.4105
4.411
4.4116
4.4121
4.4126
4.4132
4.4137
4.4143
4.4149
4.4154
4.4159
4.4165
4.417
4.4176
4.4181
4.4187
4.4192
4.4198
4.4203
4.4209
4.4214
4.4219
4.4225
4.423
4.4235
4.4241
4.4246
4.4251
4.4256
4.4262
4.4267
4.4272
4.4277
4.4283
4.4288
4.4293
4.4298
4.4304
4.4309
4.4314
4.4319
4.4325
4.433
4.4336
4.4341
4.4346
4.4352
4.4357
4.4362
4.4368
4.4373
4.4379
4.4384
4.439
4.4395
4.4401
4.4406
4.4412
4.4417
4.4423
4.4429
4.4434
4.4439
4.4445
4.445
4.4455
4.446
4.4465
4.447
4.4475
4.4481
4.4486
4.4491
4.4496
4.4502
4.4507
4.4513
4.4518
4.4524
4.4529
4.4535
4.454
4.4545
4.455
4.4556
4.4561
4.4566
4.4572
4.4577
4.4582
4.4588
4.4593
4.4598
4.4604
4.4609
4.4614
4.462
4.4625
4.463
4.4635
4.464
4.4645
4.465
4.4655
4.466
4.4666
4.4671
4.4676
4.4681
4.4686
4.4691
4.4696
4.4701
4.4706
4.4711
4.4716
4.4721
4.4726
4.4731
4.4736
4.4741
4.4746
4.4751
4.4756
4.4761
4.4766
4.4771
4.4776
4.4781
4.4786
4.4791
4.4797
4.4802
4.4807
4.4813
4.4818
4.4824
4.4829
4.4834
4.484
4.4845
4.485
4.4856
4.4861
4.4866
4.4872
4.4877
4.4883
4.4888
4.4894
4.49
4.4905
4.4911
4.4917
4.4922
4.4928
4.4934
4.4939
4.4945
4.495
4.4956
4.4961
4.4967
4.4972
4.4978
4.4983
4.4989
4.4994
4.5
4.5005
4.5011
4.5016
4.5022
4.5027
4.5033
4.5038
4.5044
4.5049
4.5055
4.506
4.5065
4.5071
4.5077
4.5082
4.5088
4.5094
4.51
4.5106
4.5112
4.5118
4.5124
4.513
4.5137
4.5143
4.5149
4.5155
4.5161
4.5167
4.5173
4.5179
4.5185
4.519
4.5196
4.5202
4.5208
4.5214
4.522
4.5226
4.5231
4.5237
4.5242
4.5248
4.5253
4.5259
4.5264
4.5269
4.5274
4.528
4.5285
4.5291
4.5296
4.5302
4.5307
4.5313
4.5318
4.5324
4.5329
4.5335
4.5341
4.5346
4.5352
4.5357
4.5363
4.5369
4.5374
4.538
4.5386
4.5391
4.5397
4.5403
4.5409
4.5415
4.542
4.5426
4.5432
4.5438
4.5444
4.545
4.5456
4.5462
4.5468
4.5473
4.5479
4.5485
4.5491
4.5497
4.5503
4.5509
4.5516
4.5522
4.5528
4.5534
4.554
4.5546
4.5552
4.5558
4.5564
4.557
4.5576
4.5582
4.5588
4.5594
4.56
4.5606
4.5612
4.5618
4.5624
4.563
4.5636
4.5642
4.5647
4.5653
4.5658
4.5663
4.5669
4.5674
4.568
4.5685
4.5691
4.5696
4.5702
4.5707
4.5712
4.5718
4.5724
4.5729
4.5735
4.574
4.5746
4.5752
4.5757
4.5763
4.5769
4.5775
4.578
4.5786
4.5792
4.5797
4.5803
4.5808
4.5814
4.5819
4.5825
4.583
4.5835
4.584
4.5846
4.5851
4.5856
4.5861
4.5867
4.5872
4.5878
4.5883
4.5889
4.5894
4.59
4.5905
4.5911
4.5917
4.5922
4.5928
4.5933
4.5939
4.5944
4.595
4.5956
4.5961
4.5966
4.5972
4.5977
4.5983
4.5988
4.5993
4.5999
4.6004
4.601
4.6016
4.6021
4.6027
4.6033
4.6039
4.6044
4.605
4.6056
4.6062
4.6068
4.6074
4.6079
4.6085
4.6091
4.6096
4.6102
4.6107
4.6113
4.6118
4.6124
4.6129
4.6135
4.614
4.6146
4.6152
4.6157
4.6163
4.6169
4.6174
4.618
4.6186
4.6191
4.6197
4.6203
4.6209
4.6215
4.6221
4.6227
4.6232
4.6238
4.6244
4.625
4.6255
4.626
4.6266
4.6271
4.6277
4.6282
4.6288
4.6293
4.6299
4.6304
4.631
4.6315
4.632
4.6326
4.6331
4.6337
4.6342
4.6348
4.6353
4.6359
4.6364
4.637
4.6375
4.638
4.6386
4.6392
4.6397
4.6403
4.6409
4.6415
4.6421
4.6426
4.6432
4.6438
4.6444
4.645
4.6456
4.6462
4.6468
4.6474
4.648
4.6486
4.6492
4.6498
4.6504
4.651
4.6516
4.6522
4.6528
4.6534
4.654
4.6546
4.6552
4.6558
4.6564
4.6569
4.6575
4.6581
4.6587
4.6593
4.6599
4.6605
4.6611
4.6617
4.6623
4.6628
4.6634
4.664
4.6645
4.6651
4.6656
4.6661
4.6667
4.6672
4.6678
4.6683
4.6688
4.6694
4.6699
4.6704
4.671
4.6716
4.6721
4.6727
4.6733
4.6739
4.6744
4.675
4.6756
4.6762
4.6768
4.6774
4.678
4.6785
4.6791
4.6797
4.6803
4.6808
4.6814
4.682
4.6826
4.6831
4.6837
4.6843
4.6849
4.6855
4.686
4.6866
4.6872
4.6878
4.6884
4.6889
4.6895
4.6901
4.6907
4.6912
4.6918
4.6924
4.693
4.6936
4.6942
4.6948
4.6954
4.696
4.6967
4.6973
4.6979
4.6985
4.6991
4.6997
4.7003
4.7009
4.7015
4.7021
4.7027
4.7033
4.7039
4.7045
4.7051
4.7057
4.7063
4.7069
4.7075
4.7081
4.7087
4.7093
4.7099
4.7105
4.7111
4.7116
4.7122
4.7128
4.7134
4.7141
4.7147
4.7153
4.7159
4.7165
4.7171
4.7177
4.7183
4.719
4.7196
4.7202
4.7209
4.7215
4.7221
4.7227
4.7233
4.7239
4.7245
4.7251
4.7257
4.7262
4.7268
4.7274
4.728
4.7286
4.7292
4.7298
4.7304
4.731
4.7316
4.7321
4.7327
4.7333
4.7339
4.7345
4.7351
4.7356
4.7362
4.7368
4.7374
4.738
4.7386
4.7392
4.7398
4.7403
4.7409
4.7415
4.7421
4.7427
4.7433
4.7439
4.7445
4.745
4.7456
4.7462
4.7468
4.7474
4.748
4.7486
4.7492
4.7498
4.7504
4.751
4.7516
4.7522
4.7528
4.7534
4.754
4.7546
4.7552
4.7558
4.7564
4.757
4.7576
4.7582
4.7588
4.7594
4.76
4.7605
4.7611
4.7617
4.7623
4.7629
4.7635
4.7641
4.7646
4.7652
4.7658
4.7664
4.767
4.7676
4.7681
4.7687
4.7693
4.7699
4.7705
4.771
4.7716
4.7722
4.7728
4.7734
4.774
4.7746
4.7752
4.7759
4.7765
4.7772
4.7778
4.7784
4.7791
4.7797
4.7804
4.781
4.7816
4.7823
4.7829
4.7835
4.7842
4.7848
4.7855
4.7861
4.7868
4.7874
4.7881
4.7887
4.7894
4.79
4.7907
4.7914
4.792
4.7927
4.7934
4.7941
4.7947
4.7954
4.7961
4.7967
4.7974
4.798
4.7987
4.7993
4.8
4.8006
4.8013
4.8019
4.8025
4.8032
4.8038
4.8044
4.8051
4.8057
4.8064
4.807
4.8077
4.8084
4.809
4.8097
4.8104
4.8111
4.8117
4.8124
4.8131
4.8138
4.8145
4.8152
4.8159
4.8165
4.8172
4.8179
4.8186
4.8193
4.82
4.8207
4.8213
4.822
4.8227
4.8234
4.8241
4.8248
4.8255
4.8262
4.8269
4.8276
4.8283
4.829
4.8297
4.8305
4.8312
4.8319
4.8326
4.8333
4.834
4.8347
4.8354
4.8361
4.8368
4.8375
4.8382
4.8389
4.8396
4.8403
4.841
4.8418
4.8425
4.8432
4.8439
4.8446
4.8454
4.8461
4.8468
4.8476
4.8483
4.849
4.8497
4.8504
4.8511
4.8518
4.8525
4.8532
4.8539
4.8546
4.8553
4.856
4.8567
4.8574
4.8581
4.8587
4.8594
4.8601
4.8608
4.8614
4.8621
4.8628
4.8635
4.8642
4.8649
4.8656
4.8663
4.867
4.8677
4.8684
4.8691
4.8698
4.8706
4.8713
4.872
4.8727
4.8735
4.8742
4.8749
4.8757
4.8764
4.8771
4.8778
4.8786
4.8793
4.88
4.8807
4.8814
4.8821
4.8829
4.8836
4.8843
4.885
4.8857
4.8865
4.8872
4.8879
4.8885
4.8892
4.8899
4.8906
4.8913
4.892
4.8927
4.8934
4.894
4.8947
4.8954
4.8961
4.8968
4.8975
4.8982
4.8989
4.8996
4.9002
4.9009
4.9016
4.9023
4.9029
4.9036
4.9043
4.9051
4.9058
4.9065
4.9072
4.9079
4.9086
4.9093
4.91
4.9108
4.9115
4.9122
4.9129
4.9136
4.9143
4.915
4.9158
4.9165
4.9172
4.9179
4.9186
4.9193
4.92
4.9208
4.9215
4.9222
4.9229
4.9237
4.9244
4.9251
4.9258
4.9266
4.9273
4.9281
4.9288
4.9296
4.9304
4.9311
4.9319
4.9327
4.9334
4.9342
4.935
4.9357
4.9365
4.9372
4.938
4.9388
4.9395
4.9403
4.9411
4.9419
4.9427
4.9435
4.9443
4.9451
4.9459
4.9468
4.9476
4.9484
4.9492
4.95
4.9507
4.9515
4.9523
4.953
4.9538
4.9546
4.9553
4.9561
4.9569
4.9577
4.9585
4.9593
4.9601
4.9609
4.9617
4.9626
4.9634
4.9643
4.9651
4.9659
4.9667
4.9675
4.9683
4.9691
4.9699
4.9707
4.9714
4.9721
4.9729
4.9736
4.9744
4.9751
4.9759
4.9767
4.9774
4.9782
4.979
4.9798
4.9806
4.9815
4.9823
4.9831
4.984
4.9849
4.9858
4.9866
4.9875
4.9883
4.9892
4.99
4.9909
4.9918
4.9926
4.9935
4.9943
4.9952
4.996
4.9969
4.9977
4.9986
4.9994
5.0002
5.0011
5.0019
5.0028
5.0036
5.0045
5.0053
5.0062
5.0071
5.0079
5.0087
5.0096
5.0104
5.0112
5.0121
5.0129
5.0137
5.0146
5.0154
5.0163
5.0171
5.018
5.0188
5.0197
5.0206
5.0214
5.0223
5.0231
5.024
5.0248
5.0257
5.0265
5.0273
5.0282
5.0291
5.0299
5.0308
5.0317
5.0326
5.0335
5.0344
5.0352
5.0361
5.037
5.0378
5.0387
5.0396
5.0404
5.0413
5.0422
5.043
5.0439
5.0447
5.0456
5.0465
5.0474
5.0483
5.0492
5.0502
5.0511
5.052
5.0529
5.0538
5.0547
5.0556
5.0565
5.0574
5.0583
5.0592
5.0601
5.061
5.0619
5.0628
5.0637
5.0646
5.0655
5.0664
5.0674
5.0683
5.0692
5.0701
5.071
5.0719
5.0728
5.0737
5.0746
5.0755
5.0763
5.0772
5.0781
5.0789
5.0798
5.0806
5.0815
5.0824
5.0832
5.0841
5.085
5.0859
5.0867
5.0876
5.0885
5.0895
5.0904
5.0913
5.0923
5.0932
5.0942
5.0952
5.0962
5.0972
5.0982
5.0992
5.1002
5.1012
5.1022
5.1033
5.1042
5.1052
5.1062
5.1072
5.1081
5.109
5.11
5.1109
5.1119
5.1129
5.1139
5.115
5.1159
5.1169
5.1178
5.1188
5.1197
5.1207
5.1217
5.1227
5.1237
5.1247
5.1257
5.1267
5.1278
5.1288
5.1298
5.1309
5.1319
5.1329
5.1339
5.1349
5.136
5.1371
5.1382
5.1393
5.1404
5.1415
5.1426
5.1437
5.1448
5.1459
5.1471
5.1482
5.1493
5.1503
5.1514
5.1524
5.1535
5.1545
5.1556
5.1566
5.1577
5.1587
5.1598
5.1608
5.1619
5.1629
5.164
5.1651
5.1662
5.1673
5.1684
5.1695
5.1706
5.1717
5.1728
5.1739
5.175
5.1761
5.1773
5.1784
5.1796
5.1807
5.1819
5.1831
5.1843
5.1855
5.1868
5.188
5.1892
5.1905
5.1918
5.193
5.1943
5.1955
5.1967
5.1979
5.1992
5.2004
5.2016
5.2028
5.204
5.2053
5.2065
5.2077
5.209
5.2102
5.2114
5.2127
5.214
5.2152
5.2165
5.2178
5.2191
5.2204
5.2217
5.223
5.2243
5.2257
5.227
5.2283
5.2296
5.231
5.2323
5.2337
5.2351
5.2365
5.2378
5.2392
5.2407
5.2421
5.2436
5.2451
5.2465
5.2479
5.2494
5.2508
5.2523
5.2538
5.2552
5.2567
5.2581
5.2595
5.2609
5.2623
5.2637
5.2651
5.2665
5.2678
5.2691
5.2704
5.2717
5.273
5.2743
5.2756
5.2769
5.2782
5.2795
5.2808
5.2821
5.2834
5.2846
5.2859
5.2872
5.2884
5.2897
5.291
5.2923
5.2937
5.295
5.2963
5.2977
5.299
5.3004
5.3017
5.3031
5.3045
5.3059
5.3074
5.3088
5.3103
5.3117
5.313
5.3144
5.3158
5.3172
5.3187
5.3201
5.3215
5.323
5.3245
5.326
5.3275
5.329
5.3306
5.3322
5.3338
5.3353
5.3368
5.3384
5.3399
5.3414
5.343
5.3445
5.3461
5.3477
5.3493
5.351
5.3526
5.3542
5.3558
5.3574
5.3591
5.3608
5.3626
5.3643
5.3661
5.3679
5.3697
5.3716
5.3734
5.3753
5.3772
5.3791
5.381
5.3829
5.3848
5.3867
5.3886
5.3906
5.3926
5.3945
5.3965
5.3985
5.4004
5.4024
5.4043
5.4063
5.4083
5.4103
5.4123
5.4141
5.416
5.4179
5.4198
5.4217
5.4235
5.4254
5.4273
5.4274
5.4275
5.4276
5.4277
5.4284
5.429
5.4297
5.4304
5.4337
5.437
5.4404
5.4437
5.447
5.4502
5.4535
5.4567
5.4599
5.4631
5.4663
5.4695
5.4725
5.4756
5.4787
5.4818
5.4849
5.488
5.4911
5.4943
5.4975
5.5007
5.504
5.5072
5.5105
5.5138
5.5171
5.5205
5.5238
5.5272
5.5306
5.534
5.5341
5.5342
5.5343
5.5344
5.5368
5.5392
5.5416
5.544
5.5446
5.5453
5.5459
5.5466
5.5489
5.5512
5.5535
5.5558
5.5582
5.5607
5.5631
5.5656
5.5682
5.5709
5.5735
5.5762
5.5791
5.5819
5.5847
5.5876
5.5908
5.5941
5.5973
5.6005
5.6041
5.6076
5.6111
5.6147
5.6152
5.6157
5.6162
5.6167
5.6187
5.6207
5.6227
5.6247
5.627
5.6294
5.6317
5.6341
5.6343
5.6345
5.6347
5.6349
5.6368
5.6388
5.6407
5.6427
5.645
5.6473
5.6496
5.6519
5.6548
5.6576
5.6604
5.6633
5.6665
5.6696
5.6728
5.676
5.6796
5.6832
5.6868
5.6903
5.6904
5.6904
5.6904
5.6904
5.6923
5.6943
5.6962
5.6981
5.7005
5.7029
5.7053
5.7077
5.7088
5.71
5.7111
5.7122
5.7141
5.716
5.7179
5.7198
5.7222
5.7246
5.727
5.7294
5.7323
5.7353
5.7383
5.7413
5.7447
5.7481
5.7516
5.755
5.757
5.759
5.761
5.763
5.7646
5.7663
5.7679
5.7696
5.7715
5.7734
5.7753
5.7773
5.7798
5.7822
5.7847
5.7872
5.7904
5.7936
5.7968
5.8
5.8021
5.8042
5.8063
5.8083
5.8103
5.8122
5.8142
5.8161
5.8187
5.8213
5.8239
5.8265
5.8273
5.8282
5.829
5.8298
5.8299
5.8299
5.83
5.83
5.8301
5.8301
5.8301
5.8301
5.8301
5.8301
5.8301
5.8301
5.8302
5.8303
5.8304
5.8305
5.8305
5.8306
5.8307
5.8307
5.8308
5.831
5.8311
5.8312
5.8312
5.8313
5.8313
5.8313
5.8314
5.8314
5.8314
5.8315
5.8316
5.8317
5.8318
5.8319
5.832
5.8321
5.8322
5.8323
5.8325
5.8327
5.8329
5.8332
5.8333
5.8335
5.8336
5.8338
5.834
5.8342
5.8344
5.8346
5.8346
5.8346
5.8346
5.8346
5.8347
5.8349
5.835
5.8352
5.8352
5.8352
5.8352
5.8352
5.8353
5.8354
5.8355
5.8356
5.8356
5.8357
5.8357
5.8358
5.8358
5.8358
5.8358
5.8358
5.8359
5.8359
5.836
5.836
5.8361
5.8361
5.8361
5.8362
5.8362
5.8362
5.8362
5.8362
5.8363
5.8363
5.8364
5.8365
5.8365
5.8365
5.8365
5.8365
5.8366
5.8366
5.8367
5.8368
5.8369
5.837
5.8371
5.8373
5.8373
5.8373
5.8373
5.8373
5.8373
5.8373
5.8374
5.8374
5.8374
5.8374
5.8375
5.8375
5.8376
5.8376
5.8377
5.8378
5.8379
5.8381
5.8383
5.8384
5.8385
5.8385
5.8386
5.8386
5.8386
5.8386
5.8386
5.8386
5.8389
5.8391
5.8393
5.8396
5.8397
5.8398
5.8399
5.84
5.8401
5.8402
5.8403
5.8404
5.8405
5.8407
5.8409
5.8411
5.8411
5.8412
5.8412
5.8413
5.8414
5.8415
5.8416
5.8418
5.8418
5.8419
5.8419
5.842
5.842
5.8421
5.8421
5.8421
5.8425
5.8429
5.8433
5.8437
5.8438
5.8439
5.8441
5.8442
5.8444
5.8445
5.8447
5.8449
5.8449
5.8449
5.8449
5.8449
5.8449
5.845
5.845
5.845
5.8455
5.8459
5.8464
5.8468
5.8468
5.8468
5.8468
5.8468
5.847
5.8471
5.8472
5.8474
5.8474
5.8474
5.8475
5.8475
5.8477
5.8478
5.848
5.8482
5.8484
5.8486
5.8488
5.849
5.8493
5.8495
5.8498
5.8501
5.8501
5.8501
5.8501
5.8501
5.8503
5.8505
5.8507
5.8509
5.851
5.8511
5.8512
5.8514
5.8518
5.8522
5.8526
5.853
5.853
5.853
5.853
5.853
5.8531
5.8532
5.8534
5.8535
5.8538
5.8542
5.8546
5.8549
5.8551
5.8552
5.8553
5.8554
5.8556
5.8557
5.8558
5.856
5.856
5.856
5.856
5.8561
5.8564
5.8568
5.8572
5.8576
5.8579
5.8582
5.8586
5.8589
5.8591
5.8592
5.8593
5.8594
5.8596
5.8598
5.86
5.8602
5.8606
5.861
5.8614
5.8618
5.862
5.8621
5.8623
5.8624
5.8625
5.8625
5.8625
5.8626
5.8628
5.863
5.8633
5.8635
5.8638
5.864
5.8643
5.8645
5.8649
5.8652
5.8655
5.8658
5.8659
5.8659
5.8659
5.8659
5.866
5.8661
5.8662
5.8663
5.8667
5.867
5.8674
5.8678
5.8679
5.8681
5.8682
5.8683
5.8685
5.8687
5.8689
5.8691
5.8695
5.8699
5.8703
5.8707
5.8708
5.871
5.8712
5.8713
5.8717
5.872
5.8723
5.8726
5.8728
5.873
5.8733
5.8735
5.8735
5.8736
5.8736
5.8737
5.8743
5.8749
5.8755
5.8761
5.8763
5.8765
5.8767
5.8768
5.877
5.8771
5.8772
5.8773
5.8773
5.8773
5.8773
5.8773
5.8782
5.8792
5.8801
5.881
5.8811
5.8811
5.8811
5.8811
5.8813
5.8814
5.8815
5.8817
5.8818
5.8819
5.882
5.8821
5.8826
5.8831
5.8837
5.8842
5.8846
5.8849
5.8852
5.8855
5.8856
5.8857
5.8858
5.8858
5.8862
5.8866
5.8869
5.8873
5.8873
5.8873
5.8873
5.8873
5.888
5.8886
5.8893
5.8899
5.8901
5.8903
5.8905
5.8907
5.8912
5.8917
5.8922
5.8927
5.8927
5.8927
5.8927
5.8928
5.8932
5.8936
5.8941
5.8945
5.8948
5.8951
5.8954
5.8958
5.8959
5.8961
5.8963
5.8964
5.8965
5.8966
5.8967
5.8967
5.8975
5.8984
5.8992
5.9
5.9005
5.901
5.9015
5.902
5.9021
5.9022
5.9022
5.9023
5.9029
5.9036
5.9042
5.9049
5.9053
5.9058
5.9063
5.9067
5.907
5.9072
5.9075
5.9078
5.9081
5.9084
5.9087
5.9091
5.91
5.9109
5.9118
5.9126
5.9129
5.9131
5.9133
5.9135
5.9137
5.9139
5.9141
5.9143
5.9155
5.9166
5.9178
5.9189
5.9193
5.9196
5.92
5.9203
5.9217
5.923
5.9243
5.9257
5.9263
5.9268
5.9274
5.928
5.929
5.9301
5.9312
5.9323
5.9325
5.9328
5.933
5.9333
5.9334
5.9334
5.9335
5.9336
5.9347
5.9358
5.9369
5.9381
5.9386
5.9392
5.9398
5.9404
5.9421
5.9438
5.9455
5.9472
5.9474
5.9476
5.9478
5.9479
5.9492
5.9505
5.9518
5.953
5.9535
5.954
5.9545
5.955
5.9554
5.9558
5.9562
5.9566
5.9578
5.9589
5.9601
5.9612
5.9613
5.9614
5.9615
5.9616
5.9632
5.9649
5.9665
5.9682
5.9688
5.9694
5.9699
5.9705
5.9717
5.9729
5.9741
5.9753
5.976
5.9766
5.9773
5.978
5.9784
5.9788
5.9792
5.9796
5.9804
5.9812
5.982
5.9828
5.9835
5.9841
5.9847
5.9854
5.9854
5.9854
5.9854
5.9854
5.9855
5.9856
5.9856
5.9857
5.9858
5.9859
5.986
5.9861
5.9861
5.9861
5.9861
5.9861
5.9864
5.9867
5.987
5.9873
5.9874
5.9875
5.9876
5.9877
5.9878
5.9879
5.988
5.9881
5.9891
5.99
5.991
5.992
5.9925
5.9931
5.9936
5.9942
5.9959
5.9975
5.9992
6.0009
6.001
6.0012
6.0013
6.0014
6.004
6.0065
6.0091
6.0116
6.0117
6.0118
6.0118
6.0119
6.0123
6.0128
6.0132
6.0136
6.0146
6.0157
6.0167
6.0177
6.0182
6.0186
6.019
6.0195
6.0198
6.0201
6.0204
6.0207
6.022
6.0233
6.0245
6.0258
6.0261
6.0263
6.0266
6.0268
6.029
6.0311
6.0332
6.0354
6.0357
6.036
6.0363
6.0365
6.0388
6.041
6.0432
6.0455
6.0455
6.0456
6.0457
6.0458
6.0459
6.046
6.0461
6.0463
6.0475
6.0488
6.0501
6.0513
6.0517
6.052
6.0523
6.0527
6.0532
6.0538
6.0543
6.0548
6.0569
6.059
6.0611
6.0632
6.0633
6.0634
6.0635
6.0636
6.0639
6.0641
6.0643
6.0645
6.0663
6.0682
6.07
6.0718
6.0723
6.0728
6.0733
6.0739
6.0741
6.0742
6.0744
6.0746
6.0763
6.0779
6.0795
6.0811
6.0814
6.0818
6.0821
6.0824
6.0837
6.085
6.0863
6.0876
6.0884
6.0893
6.0901
6.091
6.0922
6.0935
6.0947
6.096
6.0964
6.0968
6.0972
6.0976
6.0978
6.0979
6.0981
6.0982
6.0985
6.0988
6.099
6.0993
6.1006
6.1018
6.1031
6.1044
6.1054
6.1063
6.1073
6.1083
6.1085
6.1087
6.109
6.1092
6.1095
6.1098
6.1101
6.1103
6.1117
6.113
6.1144
6.1157
6.1163
6.1169
6.1176
6.1182
6.1194
6.1206
6.1218
6.123
6.1232
6.1235
6.1237
6.124
6.1245
6.125
6.1255
6.126
6.1262
6.1264
6.1266
6.1269
6.1279
6.129
6.13
6.1311
6.1311
6.1312
6.1312
6.1313
6.1322
6.1332
6.1341
6.1351
6.1362
6.1373
6.1385
6.1396
6.1399
6.1402
6.1404
6.1407
6.1425
6.1442
6.1459
6.1477
6.1477
6.1477
6.1477
6.1478
6.1479
6.148
6.1481
6.1482
6.1485
6.1488
6.149
6.1493
6.1497
6.1501
6.1505
6.1509
6.1514
6.1519
6.1523
6.1528
6.1532
6.1535
6.1539
6.1543
6.1545
6.1547
6.1549
6.1552
6.1553
6.1555
6.1557
6.1559
6.156
6.1562
6.1563
6.1564
6.1565
6.1565
6.1566
6.1566
6.1569
6.1571
6.1574
6.1576
6.1579
6.1581
6.1584
6.1587
6.1587
6.1587
6.1588
6.1588
6.1598
6.1608
6.1618
6.1627
6.1633
6.1638
6.1644
6.1649
6.1662
6.1675
6.1687
6.17
6.1701
6.1702
6.1703
6.1704
6.1718
6.1732
6.1747
6.1761
6.1768
6.1775
6.1782
6.1789
6.1793
6.1798
6.1802
6.1807
6.1812
6.1816
6.1821
6.1826
6.1837
6.1849
6.186
6.1872
6.1874
6.1876
6.1878
6.188
6.1881
6.1881
6.1881
6.1881
6.1884
6.1886
6.1888
6.189
6.2201
6.2512
6.2823
6.3133
6.4688
6.6242
6.7796
6.9351
7.2804
7.6256
7.9709
8.3162
8.6615
9.0067
9.352
9.6973
10.043
10.388
10.733
11.078
11.424
11.769
12.114
12.459
12.805
13.15
13.495
13.841
14.186
14.531
14.876
15.222
15.567
15.912
16.258
16.603
16.948
17.293
17.639
17.984
18.329
18.674
19.02
19.365
19.524
19.682
19.841
20
