0
0.1
0.2
0.3
0.4
0.5
0.6
0.7
0.8
0.9
1
1.1
1.2
1.3
1.4
1.5
1.6
1.7
1.8
1.9
2
2.1
2.2
2.3
2.4
2.5
2.6
2.7
2.8
2.9
3
3.1
3.2
3.3
3.4
3.5
3.6
3.7
3.8
3.9
4
4.1
4.2
4.3
4.4
4.5
4.6
4.7
4.8
4.9
5
5.1
5.2
5.3
5.4
5.4342
5.4372
5.5357
5.5564
5.6228
5.6365
5.686
5.7126
5.7676
5.7796
5.8078
5.8272
5.83
5.8301
5.8305
5.8305
5.8307
5.8308
5.8312
5.8313
5.8315
5.8322
5.8323
5.8328
5.8335
5.8347
5.8347
5.8347
5.8349
5.8352
5.8353
5.8355
5.8359
5.8359
5.8364
5.8364
5.8367
5.8371
5.8371
5.8372
5.8379
5.8383
5.8384
5.8395
5.8399
5.8399
5.8401
5.8403
5.8416
5.8422
5.8424
5.8424
5.8424
5.8433
5.8441
5.8442
5.8446
5.8457
5.8461
5.8467
5.8472
5.8474
5.8485
5.8494
5.8497
5.8501
5.8509
5.8523
5.8527
5.8529
5.8535
5.8538
5.8558
5.8563
5.8564
5.8569
5.8584
5.8594
5.8599
5.8601
5.8625
5.863
5.8636
5.8655
5.8656
5.8661
5.8675
5.8681
5.869
5.8692
5.8694
5.8715
5.8727
5.8727
5.873
5.876
5.8768
5.8774
5.8779
5.8803
5.8809
5.8816
5.8828
5.8853
5.8855
5.8863
5.8876
5.8882
5.8894
5.8912
5.892
5.8923
5.8948
5.8963
5.8964
5.8964
5.8996
5.902
5.9027
5.9043
5.9077
5.9081
5.9094
5.9103
5.9117
5.9145
5.9193
5.9205
5.9254
5.9256
5.9304
5.9319
5.9397
5.9405
5.9432
5.9468
5.9473
5.9474
5.9531
5.9557
5.9604
5.9611
5.9693
5.9701
5.9713
5.9754
5.9771
5.9825
5.9842
5.9856
5.9857
5.9858
5.9874
5.9876
5.9879
5.9889
5.9896
5.9926
6.0012
6.0023
6.0102
6.0116
6.0155
6.0177
6.0184
6.0197
6.0274
6.0279
6.0352
6.0364
6.0432
6.0471
6.0476
6.0512
6.054
6.0559
6.0623
6.0639
6.0716
6.0732
6.0734
6.0762
6.0817
6.0826
6.0886
6.0893
6.0925
6.0939
6.0961
6.1012
6.1031
6.1095
6.1111
6.1123
6.1187
6.1223
6.1227
6.1228
6.1274
6.1306
6.1342
6.1347
6.1369
6.1386
6.1404
6.1412
6.1431
6.1466
6.1482
6.1489
6.1518
6.1534
6.155
6.1551
6.157
6.1579
6.1584
6.1593
6.1608
6.1658
6.1688
6.1735
6.1766
6.18
6.1821
6.1824
6.184
6.1842
6.1844
6.1849
6.1855
6.2855
6.3855
6.4855
6.5855
6.6855
6.7855
6.8855
6.9855
7.0855
7.1855
7.2855
7.3855
7.4855
7.5855
7.6855
7.7855
7.8855
7.9855
8.0855
8.1855
8.2855
8.3855
8.4855
8.5855
8.6855
8.7855
8.8855
8.9855
9.0855
9.1855
9.2855
9.3855
9.4855
9.5855
9.6855
9.7855
9.8855
9.9855
