0
0.015868
0.031736
0.047604
0.063472
0.077535
0.091598
0.10566
0.11972
0.13142
0.14311
0.15481
0.1665
0.17695
0.18739
0.19784
0.20828
0.21711
0.22594
0.23476
0.24359
0.25154
0.25949
0.26744
0.27539
0.28253
0.28966
0.2968
0.30394
0.30915
0.31436
0.31957
0.32478
0.32999
0.3352
0.34042
0.34563
0.35032
0.35501
0.3597
0.36439
0.36866
0.37294
0.37721
0.38148
0.3851
0.38871
0.39233
0.39594
0.39975
0.40357
0.40738
0.41119
0.41496
0.41873
0.42251
0.42628
0.4299
0.43352
0.43715
0.44077
0.44418
0.44759
0.451
0.45441
0.45738
0.46035
0.46332
0.46629
0.46891
0.47152
0.47414
0.47676
0.47913
0.48151
0.48389
0.48627
0.48849
0.49071
0.49293
0.49515
0.4974
0.49966
0.50192
0.50417
0.50636
0.50854
0.51072
0.51291
0.51519
0.51748
0.51976
0.52204
0.52423
0.52643
0.52862
0.53082
0.53289
0.53497
0.53705
0.53912
0.54108
0.54303
0.54499
0.54694
0.54891
0.55087
0.55284
0.5548
0.55672
0.55864
0.56056
0.56248
0.5642
0.56593
0.56766
0.56939
0.57108
0.57277
0.57447
0.57616
0.57782
0.57948
0.58113
0.58279
0.58436
0.58592
0.58749
0.58905
0.5906
0.59216
0.59371
0.59527
0.59688
0.59849
0.6001
0.60172
0.6035
0.60528
0.60706
0.60884
0.61057
0.6123
0.61403
0.61576
0.61741
0.61905
0.62069
0.62233
0.62399
0.62565
0.62731
0.62897
0.63067
0.63237
0.63407
0.63577
0.6374
0.63902
0.64065
0.64227
0.64389
0.6455
0.64711
0.64873
0.65027
0.65181
0.65335
0.65488
0.65651
0.65814
0.65977
0.66139
0.663
0.66461
0.66621
0.66782
0.66945
0.67108
0.67271
0.67434
0.67586
0.67738
0.6789
0.68041
0.682
0.6836
0.68519
0.68678
0.68823
0.68968
0.69113
0.69258
0.69407
0.69556
0.69705
0.69854
0.7001
0.70165
0.70321
0.70476
0.70613
0.70749
0.70885
0.71022
0.71158
0.71295
0.71432
0.71569
0.71693
0.71817
0.71941
0.72065
0.7219
0.72314
0.72439
0.72563
0.72685
0.72806
0.72928
0.73049
0.7317
0.73291
0.73412
0.73533
0.73655
0.73777
0.739
0.74022
0.74143
0.74264
0.74385
0.74506
0.74632
0.74757
0.74883
0.75008
0.75139
0.75269
0.75399
0.75529
0.75654
0.75778
0.75902
0.76026
0.76155
0.76284
0.76413
0.76542
0.76669
0.76796
0.76923
0.7705
0.77179
0.77307
0.77435
0.77563
0.77683
0.77803
0.77924
0.78044
0.7817
0.78297
0.78423
0.7855
0.78681
0.78812
0.78942
0.79073
0.792
0.79327
0.79453
0.7958
0.79705
0.7983
0.79955
0.8008
0.80202
0.80324
0.80446
0.80568
0.80687
0.80805
0.80924
0.81043
0.81165
0.81287
0.8141
0.81532
0.81653
0.81775
0.81896
0.82018
0.82136
0.82254
0.82372
0.82491
0.82614
0.82737
0.8286
0.82983
0.83104
0.83225
0.83347
0.83468
0.83587
0.83706
0.83825
0.83944
0.84063
0.84183
0.84302
0.84422
0.84538
0.84654
0.84771
0.84887
0.85001
0.85116
0.8523
0.85345
0.85465
0.85584
0.85704
0.85824
0.8595
0.86076
0.86202
0.86328
0.86454
0.8658
0.86706
0.86832
0.86959
0.87086
0.87213
0.8734
0.87469
0.87597
0.87726
0.87854
0.8798
0.88107
0.88233
0.88359
0.88486
0.88613
0.8874
0.88867
0.88995
0.89122
0.8925
0.89378
0.89506
0.89634
0.89763
0.89891
0.9001
0.90129
0.90248
0.90368
0.90484
0.906
0.90717
0.90833
0.90958
0.91083
0.91208
0.91334
0.91463
0.91592
0.91721
0.9185
0.9198
0.9211
0.9224
0.9237
0.92496
0.92623
0.92749
0.92875
0.92997
0.9312
0.93242
0.93364
0.93488
0.93612
0.93736
0.9386
0.93978
0.94096
0.94213
0.94331
0.94446
0.9456
0.94675
0.9479
0.949
0.95011
0.95122
0.95232
0.95344
0.95457
0.95569
0.95681
0.95788
0.95896
0.96004
0.96112
0.96223
0.96333
0.96444
0.96555
0.96669
0.96783
0.96897
0.97011
0.97131
0.9725
0.9737
0.97489
0.97614
0.97739
0.97864
0.97989
0.98113
0.98237
0.98361
0.98485
0.98611
0.98738
0.98864
0.9899
0.99117
0.99243
0.9937
0.99496
0.99622
0.99748
0.99874
0.99999
1.0012
1.0025
1.0037
1.0049
1.0062
1.0075
1.0088
1.0101
1.0114
1.0127
1.014
1.0153
1.0165
1.0177
1.0189
1.0201
1.0212
1.0223
1.0235
1.0246
1.0257
1.0269
1.028
1.0292
1.0302
1.0313
1.0324
1.0335
1.0345
1.0356
1.0366
1.0376
1.0386
1.0397
1.0407
1.0417
1.0427
1.0437
1.0448
1.0458
1.0468
1.0477
1.0487
1.0497
1.0507
1.0517
1.0527
1.0537
1.0548
1.0558
1.0569
1.058
1.059
1.06
1.0611
1.0621
1.0632
1.0642
1.0653
1.0664
1.0674
1.0685
1.0696
1.0707
1.0718
1.0728
1.0739
1.075
1.076
1.0771
1.0782
1.0793
1.0804
1.0816
1.0827
1.0838
1.0849
1.0861
1.0872
1.0884
1.0895
1.0907
1.0919
1.0931
1.0942
1.0953
1.0964
1.0975
1.0987
1.0998
1.1009
1.1021
1.1032
1.1043
1.1054
1.1065
1.1075
1.1086
1.1096
1.1107
1.1118
1.1128
1.1139
1.115
1.116
1.1171
1.1181
1.1192
1.1202
1.1212
1.1222
1.1232
1.1242
1.1251
1.1261
1.127
1.128
1.1289
1.1299
1.1309
1.1319
1.1329
1.1339
1.1349
1.1359
1.1369
1.138
1.139
1.14
1.1411
1.1421
1.1431
1.1441
1.1452
1.1462
1.1472
1.1483
1.1494
1.1505
1.1516
1.1527
1.1537
1.1548
1.1559
1.157
1.158
1.159
1.1601
1.1611
1.1622
1.1633
1.1644
1.1654
1.1665
1.1675
1.1686
1.1696
1.1706
1.1716
1.1726
1.1737
1.1747
1.1758
1.1769
1.1778
1.1788
1.1797
1.1807
1.1816
1.1826
1.1835
1.1845
1.1854
1.1864
1.1874
1.1883
1.1893
1.1902
1.1911
1.192
1.1929
1.1938
1.1947
1.1956
1.1965
1.1974
1.1983
1.1993
1.2002
1.2011
1.2021
1.203
1.204
1.2051
1.2061
1.2071
1.208
1.209
1.21
1.2109
1.2119
1.2129
1.214
1.215
1.216
1.2169
1.2179
1.2189
1.2199
1.2209
1.2218
1.2228
1.2237
1.2247
1.2256
1.2265
1.2274
1.2283
1.2293
1.2302
1.2311
1.232
1.2329
1.2338
1.2348
1.2357
1.2367
1.2376
1.2386
1.2395
1.2405
1.2415
1.2424
1.2434
1.2444
1.2453
1.2463
1.2472
1.2481
1.2491
1.25
1.251
1.2519
1.2529
1.2538
1.2547
1.2556
1.2566
1.2575
1.2585
1.2594
1.2604
1.2614
1.2624
1.2633
1.2643
1.2653
1.2663
1.2673
1.2683
1.2693
1.2703
1.2712
1.2722
1.2731
1.2741
1.2751
1.2761
1.277
1.2779
1.2789
1.2798
1.2807
1.2817
1.2826
1.2835
1.2845
1.2855
1.2865
1.2875
1.2885
1.2895
1.2904
1.2914
1.2924
1.2933
1.2942
1.2951
1.296
1.2969
1.2978
1.2987
1.2997
1.3006
1.3016
1.3025
1.3035
1.3044
1.3053
1.3063
1.3072
1.3082
1.3091
1.3101
1.311
1.312
1.3129
1.3139
1.3148
1.3156
1.3165
1.3174
1.3183
1.3192
1.3202
1.3211
1.322
1.3229
1.3239
1.3248
1.3257
1.3266
1.3276
1.3285
1.3294
1.3303
1.3312
1.3321
1.333
1.3339
1.3348
1.3356
1.3365
1.3373
1.3381
1.3389
1.3397
1.3406
1.3414
1.3422
1.3431
1.3439
1.3448
1.3457
1.3465
1.3474
1.3482
1.3491
1.35
1.3508
1.3517
1.3526
1.3535
1.3543
1.3552
1.3561
1.3569
1.3578
1.3586
1.3594
1.3603
1.3611
1.3619
1.3627
1.3635
1.3643
1.3651
1.366
1.3667
1.3675
1.3683
1.3691
1.3699
1.3708
1.3716
1.3725
1.3733
1.3742
1.375
1.3759
1.3768
1.3777
1.3786
1.3795
1.3805
1.3814
1.3823
1.3832
1.3842
1.3851
1.3861
1.387
1.3879
1.3888
1.3897
1.3906
1.3915
1.3925
1.3934
1.3943
1.3953
1.3962
1.3971
1.398
1.3989
1.3998
1.4007
1.4016
1.4026
1.4035
1.4045
1.4054
1.4064
1.4073
1.4083
1.4093
1.4102
1.4111
1.4121
1.413
1.414
1.4149
1.4158
1.4168
1.4177
1.4186
1.4195
1.4204
1.4213
1.4222
1.4232
1.4241
1.425
1.4259
1.4268
1.4277
1.4286
1.4294
1.4303
1.4311
1.432
1.4329
1.4338
1.4346
1.4355
1.4363
1.4372
1.438
1.4388
1.4396
1.4404
1.4412
1.4419
1.4426
1.4434
1.4441
1.4449
1.4456
1.4463
1.4471
1.4478
1.4485
1.4492
1.4499
1.4506
1.4514
1.4521
1.4528
1.4535
1.4543
1.455
1.4558
1.4565
1.4573
1.4581
1.4588
1.4596
1.4604
1.4613
1.4621
1.4629
1.4637
1.4645
1.4654
1.4661
1.4669
1.4677
1.4684
1.4692
1.47
1.4707
1.4715
1.4722
1.4729
1.4737
1.4744
1.4751
1.4757
1.4764
1.4771
1.4778
1.4785
1.4791
1.4798
1.4805
1.4812
1.4818
1.4825
1.4832
1.484
1.4847
1.4854
1.4861
1.4869
1.4876
1.4884
1.4891
1.4898
1.4906
1.4913
1.4921
1.4928
1.4936
1.4943
1.4951
1.4959
1.4966
1.4974
1.4982
1.4989
1.4997
1.5004
1.5012
1.5019
1.5026
1.5034
1.5041
1.5048
1.5055
1.5063
1.5069
1.5076
1.5083
1.509
1.5097
1.5104
1.5111
1.5119
1.5126
1.5134
1.5141
1.5149
1.5156
1.5163
1.517
1.5177
1.5184
1.5191
1.5198
1.5205
1.5213
1.522
1.5228
1.5235
1.5243
1.5251
1.5259
1.5267
1.5275
1.5282
1.529
1.5298
1.5306
1.5313
1.5321
1.5328
1.5336
1.5343
1.5351
1.5358
1.5365
1.5373
1.538
1.5387
1.5395
1.5402
1.541
1.5417
1.5424
1.5431
1.5438
1.5445
1.5453
1.546
1.5467
1.5474
1.5481
1.5489
1.5496
1.5503
1.551
1.5517
1.5525
1.5532
1.5539
1.5546
1.5553
1.556
1.5567
1.5574
1.5581
1.5589
1.5596
1.5603
1.5611
1.5618
1.5625
1.5633
1.564
1.5647
1.5655
1.5662
1.567
1.5678
1.5685
1.5693
1.57
1.5708
1.5716
1.5723
1.5731
1.5739
1.5747
1.5754
1.5762
1.577
1.5778
1.5786
1.5794
1.5802
1.581
1.5818
1.5826
1.5834
1.5842
1.585
1.5858
1.5866
1.5873
1.5881
1.5889
1.5896
1.5905
1.5913
1.5922
1.593
1.5938
1.5946
1.5954
1.5962
1.597
1.5978
1.5986
1.5994
1.6001
1.6009
1.6016
1.6024
1.6031
1.6039
1.6046
1.6053
1.6061
1.6068
1.6075
1.6082
1.6089
1.6097
1.6104
1.6112
1.612
1.6127
1.6135
1.6143
1.6151
1.6158
1.6166
1.6174
1.6181
1.6189
1.6197
1.6205
1.6212
1.6219
1.6227
1.6234
1.6242
1.6249
1.6257
1.6264
1.6272
1.6279
1.6287
1.6294
1.6301
1.6309
1.6316
1.6323
1.6331
1.6338
1.6345
1.6353
1.636
1.6368
1.6375
1.6383
1.6391
1.6398
1.6406
1.6413
1.642
1.6428
1.6435
1.6442
1.6449
1.6456
1.6463
1.647
1.6478
1.6485
1.6493
1.65
1.6508
1.6515
1.6523
1.653
1.6537
1.6544
1.6552
1.6559
1.6566
1.6573
1.658
1.6587
1.6594
1.6601
1.6609
1.6616
1.6623
1.663
1.6637
1.6644
1.6651
1.6658
1.6666
1.6673
1.668
1.6688
1.6695
1.6702
1.671
1.6717
1.6725
1.6732
1.674
1.6747
1.6754
1.6761
1.6768
1.6776
1.6783
1.679
1.6796
1.6803
1.681
1.6817
1.6823
1.6829
1.6835
1.6842
1.6848
1.6855
1.6861
1.6867
1.6874
1.688
1.6887
1.6893
1.6899
1.6905
1.6911
1.6917
1.6923
1.693
1.6936
1.6942
1.6948
1.6954
1.696
1.6966
1.6973
1.6979
1.6985
1.6992
1.6998
1.7004
1.7011
1.7017
1.7024
1.703
1.7036
1.7043
1.705
1.7056
1.7063
1.707
1.7077
1.7084
1.7091
1.7098
1.7105
1.7113
1.712
1.7127
1.7134
1.714
1.7147
1.7154
1.7161
1.7168
1.7175
1.7181
1.7188
1.7195
1.7202
1.7209
1.7216
1.7223
1.723
1.7236
1.7243
1.725
1.7257
1.7264
1.7271
1.7278
1.7285
1.7292
1.7299
1.7305
1.7312
1.7319
1.7326
1.7332
1.7339
1.7346
1.7353
1.736
1.7367
1.7373
1.7381
1.7388
1.7395
1.7402
1.7409
1.7416
1.7423
1.7429
1.7436
1.7443
1.745
1.7457
1.7464
1.7472
1.7479
1.7486
1.7493
1.75
1.7507
1.7515
1.7522
1.7529
1.7536
1.7544
1.7551
1.7558
1.7566
1.7573
1.758
1.7588
1.7595
1.7602
1.761
1.7617
1.7624
1.7632
1.7639
1.7646
1.7654
1.7661
1.7668
1.7675
1.7682
1.7689
1.7696
1.7703
1.7709
1.7716
1.7723
1.7729
1.7736
1.7742
1.7749
1.7755
1.7762
1.7768
1.7775
1.7781
1.7787
1.7794
1.78
1.7807
1.7813
1.7819
1.7826
1.7832
1.7839
1.7846
1.7852
1.7859
1.7866
1.7873
1.7879
1.7885
1.7891
1.7897
1.7904
1.7911
1.7917
1.7924
1.793
1.7936
1.7943
1.7949
1.7955
1.7962
1.7968
1.7975
1.7982
1.7989
1.7996
1.8003
1.801
1.8017
1.8023
1.803
1.8037
1.8044
1.8051
1.8057
1.8064
1.8071
1.8078
1.8084
1.8091
1.8097
1.8104
1.811
1.8117
1.8124
1.813
1.8137
1.8143
1.8149
1.8155
1.8161
1.8167
1.8173
1.818
1.8186
1.8192
1.8199
1.8205
1.8211
1.8218
1.8224
1.8231
1.8237
1.8244
1.8251
1.8257
1.8264
1.8271
1.8277
1.8284
1.8291
1.8297
1.8303
1.8309
1.8316
1.8322
1.8328
1.8334
1.8341
1.8347
1.8353
1.8358
1.8364
1.8371
1.8377
1.8383
1.8389
1.8394
1.84
1.8405
1.8411
1.8417
1.8423
1.8429
1.8435
1.8441
1.8447
1.8453
1.8459
1.8466
1.8472
1.8479
1.8485
1.8491
1.8498
1.8504
1.851
1.8516
1.8522
1.8529
1.8535
1.8541
1.8547
1.8553
1.856
1.8566
1.8572
1.8579
1.8585
1.8591
1.8597
1.8603
1.861
1.8616
1.8622
1.8629
1.8635
1.8641
1.8647
1.8653
1.8659
1.8666
1.8672
1.8678
1.8684
1.869
1.8696
1.8702
1.8707
1.8713
1.8719
1.8724
1.873
1.8736
1.8741
1.8747
1.8753
1.8758
1.8764
1.877
1.8775
1.8781
1.8787
1.8793
1.8798
1.8805
1.8811
1.8817
1.8823
1.883
1.8836
1.8842
1.8848
1.8854
1.8861
1.8867
1.8873
1.888
1.8886
1.8893
1.8899
1.8906
1.8912
1.8919
1.8926
1.8932
1.8939
1.8945
1.8952
1.8958
1.8964
1.897
1.8975
1.8981
1.8987
1.8993
1.8999
1.9005
1.9011
1.9018
1.9024
1.903
1.9036
1.9042
1.9048
1.9053
1.9059
1.9065
1.9071
1.9077
1.9083
1.9089
1.9095
1.9101
1.9107
1.9113
1.9119
1.9125
1.9131
1.9138
1.9144
1.915
1.9156
1.9161
1.9167
1.9173
1.9179
1.9185
1.9192
1.9198
1.9203
1.9209
1.9215
1.9221
1.9228
1.9234
1.924
1.9246
1.9251
1.9257
1.9263
1.9269
1.9274
1.928
1.9286
1.9292
1.9297
1.9302
1.9307
1.9313
1.9318
1.9324
1.9329
1.9335
1.9341
1.9347
1.9352
1.9358
1.9364
1.937
1.9376
1.9382
1.9388
1.9393
1.9399
1.9405
1.9411
1.9416
1.9422
1.9428
1.9434
1.944
1.9446
1.9452
1.9459
1.9465
1.9472
1.9478
1.9484
1.949
1.9496
1.9502
1.9508
1.9514
1.952
1.9527
1.9533
1.954
1.9546
1.9553
1.9559
1.9566
1.9572
1.9578
1.9585
1.9591
1.9598
1.9604
1.9611
1.9617
1.9624
1.963
1.9636
1.9643
1.9649
1.9655
1.9662
1.9668
1.9674
1.9681
1.9687
1.9693
1.9699
1.9705
1.9711
1.9717
1.9724
1.9729
1.9735
1.9741
1.9747
1.9753
1.9759
1.9764
1.977
1.9776
1.9782
1.9788
1.9794
1.98
1.9806
1.9812
1.9818
1.9824
1.983
1.9836
1.9842
1.9848
1.9854
1.986
1.9866
1.9872
1.9878
1.9884
1.989
1.9896
1.9902
1.9909
1.9915
1.9921
1.9927
1.9934
1.994
1.9946
1.9953
1.9959
1.9965
1.9972
1.9978
1.9984
1.999
1.9996
2.0002
2.0009
2.0015
2.0021
2.0027
2.0033
2.0039
2.0045
2.0051
2.0057
2.0063
2.0068
2.0074
2.008
2.0086
2.0092
2.0097
2.0103
2.0108
2.0114
2.012
2.0126
2.0132
2.0137
2.0143
2.0148
2.0154
2.0159
2.0165
2.0171
2.0176
2.0182
2.0188
2.0194
2.02
2.0206
2.0212
2.0218
2.0225
2.0231
2.0237
2.0243
2.0249
2.0255
2.0261
2.0267
2.0273
2.0279
2.0285
2.0291
2.0297
2.0303
2.0309
2.0315
2.0321
2.0327
2.0333
2.0338
2.0344
2.035
2.0355
2.0361
2.0367
2.0373
2.0378
2.0384
2.039
2.0395
2.0401
2.0406
2.0412
2.0417
2.0422
2.0427
2.0432
2.0437
2.0443
2.0448
2.0453
2.0459
2.0464
2.047
2.0475
2.0481
2.0487
2.0493
2.0499
2.0505
2.0511
2.0517
2.0523
2.0529
2.0536
2.0542
2.0549
2.0555
2.0562
2.0568
2.0574
2.0581
2.0587
2.0593
2.0599
2.0605
2.0611
2.0617
2.0623
2.0629
2.0635
2.0641
2.0647
2.0653
2.0659
2.0665
2.0671
2.0677
2.0683
2.0689
2.0695
2.07
2.0706
2.0712
2.0717
2.0723
2.0729
2.0735
2.0741
2.0746
2.0752
2.0758
2.0764
2.077
2.0776
2.0782
2.0788
2.0793
2.0799
2.0805
2.0811
2.0816
2.0822
2.0828
2.0833
2.0839
2.0845
2.0851
2.0857
2.0863
2.0869
2.0875
2.0881
2.0887
2.0893
2.0898
2.0904
2.091
2.0916
2.0922
2.0927
2.0933
2.0938
2.0944
2.095
2.0955
2.0961
2.0966
2.0972
2.0977
2.0982
2.0988
2.0993
2.0999
2.1004
2.1009
2.1015
2.1021
2.1026
2.1032
2.1038
2.1043
2.1049
2.1055
2.106
2.1066
2.1072
2.1077
2.1083
2.1089
2.1094
2.11
2.1106
2.1111
2.1117
2.1122
2.1128
2.1133
2.1139
2.1145
2.115
2.1156
2.1161
2.1167
2.1172
2.1178
2.1183
2.1189
2.1194
2.12
2.1206
2.1212
2.1218
2.1223
2.1229
2.1234
2.124
2.1245
2.1251
2.1256
2.1261
2.1267
2.1272
2.1277
2.1283
2.1288
2.1293
2.1298
2.1303
2.1308
2.1313
2.1318
2.1323
2.1328
2.1333
2.1339
2.1344
2.1349
2.1355
2.136
2.1366
2.1371
2.1376
2.1382
2.1387
2.1393
2.1399
2.1405
2.141
2.1416
2.1422
2.1427
2.1433
2.1438
2.1444
2.1449
2.1454
2.146
2.1465
2.147
2.1475
2.148
2.1486
2.1491
2.1496
2.1502
2.1507
2.1512
2.1518
2.1523
2.1528
2.1533
2.1539
2.1544
2.155
2.1555
2.1561
2.1566
2.1572
2.1578
2.1583
2.1589
2.1595
2.1601
2.1607
2.1613
2.1619
2.1624
2.163
2.1636
2.1642
2.1648
2.1654
2.166
2.1666
2.1672
2.1677
2.1683
2.1689
2.1695
2.1701
2.1707
2.1713
2.1719
2.1725
2.173
2.1736
2.1742
2.1747
2.1753
2.1759
2.1765
2.177
2.1776
2.1781
2.1787
2.1792
2.1798
2.1804
2.181
2.1815
2.1821
2.1826
2.1831
2.1837
2.1842
2.1848
2.1853
2.1859
2.1864
2.1869
2.1875
2.188
2.1886
2.1891
2.1896
2.1902
2.1907
2.1913
2.1918
2.1924
2.1929
2.1935
2.194
2.1946
2.1951
2.1957
2.1962
2.1967
2.1973
2.1978
2.1984
2.199
2.1995
2.2001
2.2007
2.2012
2.2018
2.2023
2.2028
2.2034
2.2039
2.2045
2.205
2.2056
2.2061
2.2067
2.2073
2.2078
2.2084
2.209
2.2095
2.2101
2.2106
2.2112
2.2117
2.2122
2.2127
2.2132
2.2138
2.2143
2.2148
2.2153
2.2158
2.2164
2.2169
2.2174
2.2179
2.2184
2.2189
2.2194
2.2199
2.2203
2.2208
2.2213
2.2218
2.2223
2.2227
2.2232
2.2236
2.2241
2.2246
2.225
2.2255
2.226
2.2264
2.2269
2.2274
2.2279
2.2284
2.2289
2.2294
2.2299
2.2305
2.231
2.2315
2.232
2.2326
2.2331
2.2336
2.2341
2.2346
2.2352
2.2357
2.2362
2.2367
2.2373
2.2378
2.2384
2.2389
2.2394
2.2399
2.2405
2.241
2.2416
2.2421
2.2427
2.2432
2.2438
2.2443
2.2449
2.2454
2.246
2.2466
2.2472
2.2478
2.2483
2.2489
2.2495
2.25
2.2505
2.2511
2.2516
2.2521
2.2526
2.2531
2.2535
2.254
2.2545
2.255
2.2554
2.2559
2.2563
2.2568
2.2573
2.2578
2.2582
2.2587
2.2592
2.2597
2.2602
2.2607
2.2611
2.2616
2.2621
2.2626
2.2631
2.2636
2.264
2.2645
2.265
2.2655
2.266
2.2665
2.267
2.2675
2.268
2.2685
2.269
2.2695
2.27
2.2705
2.2711
2.2716
2.2722
2.2727
2.2732
2.2738
2.2743
2.2749
2.2754
2.276
2.2765
2.2771
2.2776
2.2782
2.2787
2.2793
2.2798
2.2804
2.2809
2.2815
2.2821
2.2826
2.2832
2.2837
2.2843
2.2848
2.2853
2.2858
2.2864
2.2869
2.2874
2.2879
2.2885
2.289
2.2895
2.29
2.2905
2.2911
2.2916
2.2921
2.2926
2.2931
2.2936
2.2941
2.2946
2.2951
2.2956
2.2961
2.2966
2.2971
2.2976
2.2981
2.2986
2.2991
2.2996
2.3001
2.3006
2.3011
2.3016
2.3021
2.3026
2.3031
2.3036
2.3042
2.3047
2.3052
2.3058
2.3063
2.3069
2.3074
2.3079
2.3084
2.309
2.3095
2.31
2.3106
2.3111
2.3117
2.3123
2.3129
2.3134
2.314
2.3146
2.3151
2.3157
2.3162
2.3168
2.3174
2.3179
2.3185
2.3191
2.3197
2.3202
2.3208
2.3214
2.3219
2.3225
2.323
2.3236
2.3241
2.3247
2.3252
2.3258
2.3264
2.3269
2.3275
2.328
2.3285
2.3291
2.3296
2.3301
2.3306
2.3312
2.3317
2.3323
2.3328
2.3334
2.3339
2.3344
2.335
2.3355
2.3361
2.3366
2.3371
2.3377
2.3382
2.3388
2.3393
2.3398
2.3404
2.3409
2.3415
2.342
2.3426
2.3432
2.3437
2.3443
2.3449
2.3455
2.346
2.3466
2.3472
2.3477
2.3482
2.3488
2.3493
2.3499
2.3504
2.351
2.3515
2.3521
2.3526
2.3532
2.3537
2.3542
2.3547
2.3552
2.3557
2.3562
2.3567
2.3573
2.3578
2.3583
2.3588
2.3593
2.3598
2.3603
2.3608
2.3614
2.3619
2.3624
2.3629
2.3635
2.364
2.3645
2.3651
2.3656
2.3661
2.3667
2.3672
2.3678
2.3683
2.3689
2.3694
2.37
2.3706
2.3711
2.3717
2.3723
2.3728
2.3734
2.3739
2.3745
2.375
2.3755
2.3761
2.3766
2.3772
2.3778
2.3784
2.3789
2.3795
2.3801
2.3807
2.3813
2.3819
2.3824
2.3829
2.3835
2.384
2.3845
2.385
2.3856
2.3861
2.3866
2.3871
2.3876
2.3881
2.3886
2.3891
2.3896
2.3901
2.3907
2.3912
2.3917
2.3922
2.3928
2.3933
2.3938
2.3943
2.3948
2.3953
2.3959
2.3963
2.3968
2.3973
2.3978
2.3983
2.3988
2.3992
2.3997
2.4002
2.4007
2.4012
2.4017
2.4022
2.4027
2.4032
2.4036
2.4041
2.4046
2.4051
2.4056
2.4061
2.4066
2.4071
2.4075
2.408
2.4085
2.4091
2.4096
2.4101
2.4106
2.4111
2.4116
2.4122
2.4127
2.4133
2.4138
2.4144
2.4149
2.4155
2.416
2.4166
2.4172
2.4177
2.4183
2.4189
2.4194
2.42
2.4206
2.4211
2.4216
2.4222
2.4227
2.4232
2.4238
2.4243
2.4249
2.4254
2.4259
2.4265
2.427
2.4275
2.428
2.4285
2.429
2.4295
2.4301
2.4306
2.4311
2.4316
2.4322
2.4327
2.4332
2.4338
2.4343
2.4349
2.4354
2.436
2.4366
2.4371
2.4377
2.4383
2.4389
2.4395
2.44
2.4406
2.4411
2.4417
2.4423
2.4428
2.4434
2.444
2.4446
2.4451
2.4457
2.4463
2.4468
2.4474
2.448
2.4486
2.4492
2.4498
2.4504
2.4509
2.4515
2.452
2.4526
2.4531
2.4536
2.4542
2.4547
2.4553
2.4558
2.4564
2.4569
2.4575
2.458
2.4586
2.4592
2.4597
2.4603
2.4609
2.4614
2.462
2.4626
2.4631
2.4637
2.4643
2.4648
2.4654
2.4659
2.4665
2.467
2.4676
2.4681
2.4687
2.4692
2.4697
2.4703
2.4708
2.4713
2.4719
2.4724
2.473
2.4735
2.474
2.4745
2.4751
2.4756
2.4761
2.4766
2.4771
2.4776
2.4781
2.4786
2.4791
2.4796
2.4801
2.4806
2.481
2.4815
2.482
2.4825
2.483
2.4835
2.484
2.4845
2.485
2.4855
2.486
2.4865
2.487
2.4875
2.488
2.4885
2.489
2.4894
2.4899
2.4904
2.4909
2.4914
2.4919
2.4924
2.4929
2.4934
2.4939
2.4944
2.4949
2.4955
2.496
2.4965
2.497
2.4976
2.4981
2.4987
2.4992
2.4997
2.5003
2.5008
2.5013
2.5018
2.5023
2.5028
2.5033
2.5038
2.5043
2.5047
2.5052
2.5057
2.5062
2.5067
2.5072
2.5077
2.5082
2.5087
2.5092
2.5097
2.5103
2.5108
2.5113
2.5119
2.5124
2.5129
2.5134
2.514
2.5145
2.515
2.5156
2.5161
2.5166
2.5172
2.5177
2.5183
2.5188
2.5193
2.5198
2.5204
2.5209
2.5213
2.5218
2.5223
2.5228
2.5233
2.5238
2.5243
2.5248
2.5253
2.5258
2.5263
2.5268
2.5274
2.5279
2.5284
2.529
2.5295
2.5301
2.5306
2.5312
2.5317
2.5323
2.5328
2.5333
2.5338
2.5343
2.5348
2.5353
2.5359
2.5364
2.5369
2.5375
2.538
2.5385
2.5391
2.5396
2.5401
2.5406
2.5412
2.5417
2.5422
2.5427
2.5432
2.5438
2.5443
2.5449
2.5455
2.546
2.5465
2.5471
2.5476
2.5482
2.5488
2.5493
2.5499
2.5505
2.5511
2.5516
2.5522
2.5527
2.5533
2.5538
2.5544
2.5549
2.5555
2.5561
2.5566
2.5571
2.5577
2.5582
2.5588
2.5593
2.5598
2.5604
2.5609
2.5614
2.562
2.5625
2.5631
2.5636
2.5641
2.5647
2.5652
2.5658
2.5664
2.567
2.5675
2.5681
2.5686
2.5692
2.5697
2.5703
2.5708
2.5713
2.5719
2.5724
2.5729
2.5735
2.574
2.5745
2.5751
2.5756
2.5761
2.5767
2.5772
2.5778
2.5783
2.5789
2.5795
2.5801
2.5807
2.5813
2.5819
2.5825
2.5831
2.5836
2.5842
2.5848
2.5854
2.586
2.5866
2.5871
2.5877
2.5883
2.5889
2.5895
2.59
2.5906
2.5912
2.5917
2.5923
2.5928
2.5934
2.5939
2.5945
2.5951
2.5956
2.5962
2.5968
2.5973
2.5978
2.5984
2.5989
2.5995
2.6
2.6005
2.601
2.6015
2.602
2.6026
2.6031
2.6036
2.6041
2.6046
2.6051
2.6057
2.6062
2.6067
2.6072
2.6077
2.6082
2.6087
2.6092
2.6097
2.6103
2.6108
2.6113
2.6118
2.6123
2.6128
2.6133
2.6138
2.6143
2.6148
2.6153
2.6158
2.6163
2.6168
2.6173
2.6178
2.6183
2.6188
2.6193
2.6198
2.6203
2.6208
2.6212
2.6217
2.6222
2.6228
2.6233
2.6238
2.6243
2.6248
2.6253
2.6258
2.6263
2.6268
2.6273
2.6278
2.6283
2.6288
2.6293
2.6298
2.6303
2.6308
2.6313
2.6318
2.6323
2.6328
2.6333
2.6338
2.6343
2.6348
2.6353
2.6358
2.6363
2.6368
2.6373
2.6378
2.6383
2.6389
2.6394
2.6399
2.6404
2.641
2.6415
2.642
2.6425
2.643
2.6435
2.644
2.6445
2.645
2.6455
2.646
2.6465
2.647
2.6475
2.648
2.6485
2.6489
2.6494
2.6499
2.6504
2.6508
2.6513
2.6518
2.6523
2.6528
2.6532
2.6537
2.6542
2.6546
2.6551
2.6556
2.6561
2.6566
2.6571
2.6576
2.6581
2.6586
2.6591
2.6596
2.6601
2.6605
2.661
2.6616
2.6621
2.6626
2.6631
2.6636
2.6641
2.6646
2.6651
2.6656
2.6661
2.6666
2.6671
2.6677
2.6682
2.6687
2.6693
2.6698
2.6703
2.6708
2.6713
2.6718
2.6722
2.6727
2.6732
2.6737
2.6743
2.6748
2.6753
2.6758
2.6764
2.6769
2.6775
2.678
2.6786
2.6791
2.6796
2.6802
2.6807
2.6812
2.6818
2.6823
2.6828
2.6833
2.6838
2.6844
2.6849
2.6854
2.6859
2.6864
2.6869
2.6874
2.6879
2.6883
2.6888
2.6893
2.6897
2.6902
2.6907
2.6912
2.6917
2.6922
2.6927
2.6932
2.6937
2.6943
2.6948
2.6953
2.6959
2.6964
2.6969
2.6974
2.6979
2.6985
2.699
2.6995
2.7
2.7005
2.701
2.7015
2.702
2.7025
2.703
2.7035
2.704
2.7045
2.705
2.7055
2.706
2.7065
2.707
2.7075
2.708
2.7084
2.7089
2.7094
2.7098
2.7103
2.7107
2.7112
2.7117
2.7121
2.7126
2.7131
2.7136
2.7141
2.7145
2.715
2.7155
2.716
2.7164
2.7169
2.7173
2.7178
2.7183
2.7187
2.7192
2.7197
2.7202
2.7207
2.7211
2.7216
2.7221
2.7226
2.7231
2.7236
2.7241
2.7246
2.7251
2.7256
2.7261
2.7266
2.7271
2.7276
2.7281
2.7286
2.7291
2.7295
2.73
2.7305
2.731
2.7315
2.732
2.7325
2.733
2.7336
2.7341
2.7346
2.7352
2.7357
2.7362
2.7368
2.7373
2.7378
2.7384
2.7389
2.7394
2.7399
2.7405
2.741
2.7415
2.7421
2.7427
2.7432
2.7438
2.7443
2.7448
2.7454
2.7459
2.7464
2.747
2.7475
2.7481
2.7486
2.7492
2.7498
2.7503
2.7509
2.7515
2.752
2.7526
2.7532
2.7538
2.7544
2.7549
2.7555
2.756
2.7565
2.757
2.7576
2.7581
2.7586
2.7592
2.7597
2.7602
2.7608
2.7613
2.7618
2.7624
2.7629
2.7634
2.7639
2.7644
2.7649
2.7654
2.7659
2.7664
2.7669
2.7673
2.7678
2.7683
2.7688
2.7693
2.7698
2.7703
2.7707
2.7712
2.7717
2.7722
2.7727
2.7731
2.7736
2.7741
2.7746
2.7751
2.7756
2.7761
2.7766
2.7771
2.7776
2.7782
2.7787
2.7792
2.7797
2.7802
2.7806
2.7811
2.7816
2.7821
2.7826
2.783
2.7835
2.784
2.7844
2.7849
2.7853
2.7858
2.7862
2.7867
2.7871
2.7875
2.788
2.7884
2.7888
2.7893
2.7897
2.7902
2.7906
2.7911
2.7915
2.792
2.7924
2.7928
2.7933
2.7937
2.7941
2.7946
2.795
2.7955
2.7959
2.7964
2.7968
2.7973
2.7977
2.7982
2.7987
2.7991
2.7996
2.8001
2.8006
2.801
2.8015
2.802
2.8025
2.803
2.8035
2.8039
2.8044
2.8048
2.8053
2.8057
2.8061
2.8066
2.8071
2.8075
2.808
2.8084
2.8089
2.8093
2.8098
2.8103
2.8108
2.8112
2.8117
2.8122
2.8127
2.8132
2.8137
2.8142
2.8146
2.8151
2.8155
2.816
2.8164
2.8169
2.8173
2.8177
2.8182
2.8187
2.8191
2.8196
2.8201
2.8206
2.821
2.8215
2.822
2.8225
2.823
2.8235
2.824
2.8245
2.825
2.8255
2.826
2.8265
2.827
2.8275
2.8279
2.8284
2.8289
2.8294
2.8299
2.8304
2.8308
2.8313
2.8318
2.8323
2.8327
2.8332
2.8337
2.8342
2.8347
2.8352
2.8358
2.8363
2.8368
2.8373
2.8378
2.8383
2.8388
2.8393
2.8397
2.8402
2.8407
2.8412
2.8417
2.8422
2.8427
2.8433
2.8438
2.8443
2.8448
2.8454
2.8459
2.8464
2.8469
2.8475
2.848
2.8485
2.849
2.8495
2.85
2.8505
2.851
2.8515
2.8519
2.8524
2.8529
2.8534
2.8539
2.8543
2.8548
2.8553
2.8557
2.8562
2.8566
2.8571
2.8575
2.858
2.8585
2.8589
2.8594
2.8599
2.8603
2.8608
2.8613
2.8618
2.8623
2.8629
2.8634
2.8639
2.8644
2.8649
2.8654
2.8659
2.8664
2.8669
2.8674
2.8679
2.8684
2.8688
2.8694
2.8699
2.8704
2.871
2.8715
2.872
2.8725
2.873
2.8735
2.874
2.8745
2.8751
2.8756
2.8761
2.8767
2.8772
2.8777
2.8783
2.8788
2.8793
2.8798
2.8803
2.8808
2.8813
2.8818
2.8823
2.8828
2.8833
2.8838
2.8842
2.8847
2.8852
2.8857
2.8861
2.8866
2.8871
2.8875
2.888
2.8884
2.8889
2.8893
2.8898
2.8902
2.8906
2.8911
2.8915
2.8919
2.8924
2.8928
2.8932
2.8937
2.8941
2.8946
2.895
2.8955
2.8959
2.8964
2.8968
2.8973
2.8978
2.8982
2.8987
2.8992
2.8997
2.9002
2.9007
2.9012
2.9018
2.9023
2.9028
2.9033
2.9038
2.9042
2.9047
2.9052
2.9057
2.9062
2.9066
2.9071
2.9076
2.9081
2.9086
2.9091
2.9096
2.9101
2.9106
2.911
2.9115
2.912
2.9125
2.913
2.9135
2.914
2.9145
2.9149
2.9154
2.9159
2.9164
2.9169
2.9174
2.9179
2.9184
2.9189
2.9193
2.9198
2.9203
2.9208
2.9213
2.9218
2.9223
2.9228
2.9233
2.9238
2.9243
2.9248
2.9253
2.9257
2.9262
2.9267
2.9272
2.9277
2.9282
2.9287
2.9292
2.9297
2.9302
2.9307
2.9311
2.9317
2.9322
2.9327
2.9332
2.9337
2.9341
2.9346
2.9351
2.9355
2.936
2.9365
2.9369
2.9374
2.9379
2.9384
2.9388
2.9393
2.9398
2.9403
2.9408
2.9413
2.9418
2.9423
2.9428
2.9433
2.9438
2.9443
2.9448
2.9453
2.9458
2.9464
2.9469
2.9474
2.9479
2.9484
2.9489
2.9494
2.95
2.9505
2.951
2.9516
2.9521
2.9527
2.9532
2.9538
2.9544
2.9549
2.9555
2.9561
2.9566
2.9572
2.9578
2.9583
2.9588
2.9593
2.9598
2.9603
2.9608
2.9613
2.9618
2.9623
2.9627
2.9632
2.9637
2.9642
2.9647
2.9652
2.9657
2.9661
2.9666
2.9671
2.9676
2.9681
2.9686
2.9691
2.9696
2.97
2.9705
2.971
2.9715
2.972
2.9725
2.9729
2.9734
2.9739
2.9744
2.9749
2.9754
2.9758
2.9763
2.9768
2.9773
2.9778
2.9783
2.9788
2.9793
2.9798
2.9803
2.9808
2.9813
2.9817
2.9822
2.9827
2.9832
2.9837
2.9841
2.9846
2.9851
2.9856
2.9861
2.9866
2.987
2.9875
2.988
2.9885
2.989
2.9895
2.99
2.9905
2.991
2.9915
2.992
2.9925
2.993
2.9935
2.994
2.9945
2.995
2.9956
2.9961
2.9966
2.9972
2.9977
2.9982
2.9988
2.9993
2.9999
3.0004
3.0009
3.0015
3.002
3.0025
3.0031
3.0036
3.0041
3.0047
3.0052
3.0057
3.0062
3.0067
3.0072
3.0078
3.0082
3.0087
3.0092
3.0097
3.0102
3.0107
3.0112
3.0117
3.0121
3.0126
3.0131
3.0135
3.014
3.0145
3.015
3.0155
3.016
3.0166
3.0171
3.0176
3.0181
3.0186
3.0191
3.0196
3.0201
3.0206
3.0211
3.0216
3.0221
3.0225
3.023
3.0235
3.024
3.0244
3.0249
3.0254
3.0259
3.0263
3.0268
3.0273
3.0278
3.0283
3.0288
3.0293
3.0298
3.0302
3.0307
3.0312
3.0317
3.0322
3.0327
3.0331
3.0337
3.0342
3.0347
3.0352
3.0357
3.0362
3.0367
3.0372
3.0377
3.0383
3.0388
3.0393
3.0398
3.0403
3.0408
3.0413
3.0418
3.0422
3.0427
3.0432
3.0436
3.0441
3.0446
3.045
3.0455
3.046
3.0464
3.0469
3.0474
3.0479
3.0484
3.0489
3.0494
3.0499
3.0504
3.0509
3.0514
3.0519
3.0524
3.0529
3.0534
3.0538
3.0543
3.0548
3.0552
3.0557
3.0561
3.0566
3.0571
3.0576
3.058
3.0585
3.059
3.0595
3.06
3.0605
3.0609
3.0614
3.0619
3.0624
3.0629
3.0634
3.0638
3.0643
3.0648
3.0653
3.0658
3.0662
3.0667
3.0672
3.0677
3.0681
3.0686
3.0691
3.0696
3.0701
3.0706
3.071
3.0715
3.072
3.0724
3.0729
3.0734
3.0738
3.0743
3.0747
3.0752
3.0757
3.0761
3.0766
3.0771
3.0775
3.078
3.0785
3.079
3.0794
3.0799
3.0804
3.0808
3.0813
3.0818
3.0823
3.0828
3.0833
3.0838
3.0843
3.0848
3.0853
3.0858
3.0863
3.0868
3.0873
3.0878
3.0883
3.0888
3.0893
3.0898
3.0902
3.0907
3.0912
3.0917
3.0922
3.0927
3.0932
3.0937
3.0941
3.0946
3.0951
3.0956
3.096
3.0965
3.097
3.0974
3.0978
3.0983
3.0987
3.0992
3.0996
3.1001
3.1005
3.101
3.1014
3.1019
3.1023
3.1028
3.1032
3.1037
3.1041
3.1046
3.1051
3.1056
3.106
3.1065
3.107
3.1075
3.108
3.1085
3.109
3.1095
3.1099
3.1104
3.1109
3.1114
3.1119
3.1124
3.1129
3.1133
3.1138
3.1143
3.1148
3.1153
3.1158
3.1163
3.1168
3.1173
3.1177
3.1182
3.1187
3.1192
3.1197
3.1202
3.1206
3.1211
3.1216
3.1221
3.1225
3.123
3.1235
3.124
3.1245
3.125
3.1255
3.126
3.1265
3.127
3.1275
3.128
3.1286
3.1291
3.1296
3.1301
3.1306
3.1311
3.1316
3.1321
3.1326
3.1331
3.1336
3.134
3.1345
3.135
3.1355
3.136
3.1365
3.137
3.1375
3.138
3.1385
3.139
3.1396
3.1401
3.1406
3.1411
3.1416
3.1421
3.1426
3.1431
3.1436
3.1442
3.1447
3.1452
3.1458
3.1463
3.1468
3.1474
3.1479
3.1484
3.149
3.1495
3.1501
3.1506
3.1511
3.1517
3.1522
3.1527
3.1533
3.1538
3.1543
3.1548
3.1554
3.1559
3.1564
3.157
3.1575
3.158
3.1585
3.159
3.1595
3.16
3.1605
3.161
3.1615
3.162
3.1625
3.163
3.1635
3.164
3.1645
3.1651
3.1656
3.1661
3.1667
3.1672
3.1678
3.1683
3.1689
3.1694
3.1699
3.1705
3.171
3.1716
3.1721
3.1727
3.1732
3.1737
3.1743
3.1748
3.1753
3.1758
3.1763
3.1768
3.1773
3.1778
3.1783
3.1788
3.1793
3.1798
3.1803
3.1808
3.1813
3.1818
3.1823
3.1829
3.1834
3.1839
3.1844
3.1849
3.1854
3.1859
3.1863
3.1868
3.1873
3.1877
3.1882
3.1887
3.1891
3.1896
3.1901
3.1906
3.191
3.1916
3.1921
3.1926
3.1931
3.1935
3.194
3.1945
3.195
3.1955
3.196
3.1964
3.1969
3.1974
3.1979
3.1984
3.1989
3.1994
3.1998
3.2003
3.2007
3.2012
3.2016
3.2021
3.2025
3.203
3.2034
3.2039
3.2043
3.2048
3.2053
3.2058
3.2063
3.2068
3.2072
3.2077
3.2082
3.2087
3.2091
3.2096
3.2101
3.2105
3.2109
3.2114
3.2118
3.2123
3.2127
3.2132
3.2136
3.2141
3.2146
3.215
3.2155
3.216
3.2164
3.2169
3.2174
3.2178
3.2183
3.2188
3.2192
3.2197
3.2201
3.2206
3.221
3.2214
3.2219
3.2223
3.2227
3.2232
3.2236
3.224
3.2245
3.2249
3.2254
3.2258
3.2262
3.2267
3.2271
3.2275
3.228
3.2284
3.2289
3.2293
3.2297
3.2302
3.2306
3.2311
3.2316
3.232
3.2325
3.233
3.2335
3.2339
3.2344
3.2349
3.2354
3.2359
3.2364
3.2369
3.2374
3.2379
3.2384
3.2389
3.2394
3.2399
3.2404
3.2409
3.2414
3.2419
3.2424
3.2429
3.2434
3.2439
3.2444
3.2449
3.2454
3.2458
3.2463
3.2468
3.2472
3.2477
3.2482
3.2486
3.2491
3.2496
3.25
3.2505
3.2509
3.2513
3.2518
3.2522
3.2527
3.2531
3.2536
3.2541
3.2545
3.255
3.2555
3.256
3.2564
3.2569
3.2574
3.2579
3.2584
3.2589
3.2593
3.2598
3.2603
3.2608
3.2612
3.2617
3.2622
3.2627
3.2631
3.2636
3.2641
3.2646
3.2651
3.2655
3.266
3.2665
3.267
3.2675
3.2679
3.2684
3.2689
3.2694
3.2699
3.2704
3.2709
3.2713
3.2718
3.2723
3.2727
3.2732
3.2736
3.2741
3.2745
3.275
3.2755
3.2759
3.2764
3.2768
3.2773
3.2778
3.2783
3.2787
3.2792
3.2797
3.2802
3.2806
3.2811
3.2816
3.2821
3.2826
3.2831
3.2836
3.2841
3.2846
3.2851
3.2856
3.2861
3.2866
3.2871
3.2876
3.2881
3.2886
3.2891
3.2896
3.2901
3.2905
3.291
3.2916
3.2921
3.2926
3.2931
3.2936
3.2942
3.2947
3.2952
3.2957
3.2962
3.2968
3.2973
3.2978
3.2983
3.2988
3.2993
3.2998
3.3003
3.3008
3.3013
3.3018
3.3023
3.3028
3.3033
3.3038
3.3043
3.3048
3.3053
3.3058
3.3063
3.3068
3.3073
3.3078
3.3083
3.3088
3.3093
3.3098
3.3103
3.3108
3.3113
3.3118
3.3123
3.3129
3.3134
3.3139
3.3144
3.3149
3.3155
3.316
3.3165
3.317
3.3176
3.3181
3.3186
3.3191
3.3197
3.3202
3.3207
3.3212
3.3217
3.3222
3.3228
3.3233
3.3238
3.3243
3.3249
3.3254
3.3259
3.3265
3.327
3.3276
3.3281
3.3286
3.3291
3.3296
3.3302
3.3307
3.3312
3.3318
3.3323
3.3328
3.3334
3.3339
3.3345
3.335
3.3355
3.336
3.3365
3.3371
3.3376
3.3381
3.3386
3.3391
3.3396
3.3401
3.3407
3.3412
3.3417
3.3422
3.3427
3.3432
3.3438
3.3443
3.3448
3.3453
3.3459
3.3464
3.3469
3.3474
3.3479
3.3485
3.349
3.3495
3.35
3.3505
3.351
3.3515
3.352
3.3525
3.353
3.3535
3.354
3.3545
3.355
3.3555
3.356
3.3565
3.357
3.3575
3.358
3.3585
3.359
3.3595
3.3599
3.3604
3.3609
3.3614
3.3619
3.3624
3.3629
3.3633
3.3638
3.3643
3.3648
3.3653
3.3658
3.3663
3.3669
3.3674
3.3679
3.3684
3.3689
3.3694
3.3699
3.3704
3.3708
3.3713
3.3718
3.3722
3.3727
3.3731
3.3736
3.3741
3.3745
3.375
3.3755
3.3759
3.3764
3.3769
3.3774
3.3778
3.3783
3.3788
3.3793
3.3797
3.3802
3.3807
3.3812
3.3817
3.3821
3.3826
3.3831
3.3835
3.384
3.3845
3.3849
3.3854
3.3859
3.3863
3.3868
3.3873
3.3878
3.3883
3.3888
3.3893
3.3898
3.3903
3.3908
3.3913
3.3918
3.3923
3.3928
3.3932
3.3937
3.3942
3.3947
3.3952
3.3957
3.3962
3.3967
3.3972
3.3977
3.3982
3.3987
3.3992
3.3997
3.4002
3.4007
3.4012
3.4017
3.4022
3.4027
3.4032
3.4037
3.4042
3.4047
3.4052
3.4057
3.4062
3.4067
3.4073
3.4078
3.4083
3.4089
3.4094
3.41
3.4105
3.411
3.4115
3.412
3.4125
3.413
3.4135
3.414
3.4145
3.415
3.4155
3.416
3.4165
3.417
3.4175
3.418
3.4185
3.419
3.4195
3.42
3.4205
3.4211
3.4216
3.4221
3.4226
3.4232
3.4237
3.4242
3.4247
3.4252
3.4257
3.4262
3.4267
3.4272
3.4277
3.4282
3.4287
3.4292
3.4297
3.4302
3.4307
3.4312
3.4317
3.4322
3.4327
3.4332
3.4338
3.4343
3.4348
3.4353
3.4359
3.4364
3.4369
3.4374
3.438
3.4385
3.439
3.4396
3.4401
3.4406
3.4412
3.4417
3.4422
3.4428
3.4433
3.4439
3.4444
3.4449
3.4455
3.446
3.4466
3.4471
3.4476
3.4482
3.4487
3.4492
3.4497
3.4502
3.4506
3.4511
3.4516
3.4521
3.4526
3.4531
3.4535
3.454
3.4545
3.455
3.4554
3.4559
3.4564
3.4568
3.4573
3.4578
3.4582
3.4587
3.4592
3.4596
3.4601
3.4606
3.461
3.4615
3.462
3.4624
3.4629
3.4634
3.4639
3.4644
3.4649
3.4654
3.4659
3.4664
3.4669
3.4674
3.4679
3.4684
3.4689
3.4694
3.4699
3.4704
3.4708
3.4713
3.4718
3.4722
3.4727
3.4732
3.4736
3.4741
3.4746
3.475
3.4755
3.476
3.4765
3.4769
3.4774
3.4779
3.4784
3.4789
3.4794
3.4799
3.4804
3.4809
3.4813
3.4818
3.4823
3.4828
3.4833
3.4838
3.4843
3.4848
3.4852
3.4857
3.4862
3.4868
3.4873
3.4878
3.4883
3.4888
3.4893
3.4898
3.4904
3.4909
3.4914
3.4919
3.4924
3.4929
3.4934
3.4939
3.4944
3.4949
3.4954
3.4959
3.4964
3.4969
3.4974
3.4979
3.4983
3.4988
3.4993
3.4998
3.5002
3.5007
3.5012
3.5017
3.5021
3.5026
3.5031
3.5036
3.5041
3.5047
3.5052
3.5057
3.5062
3.5067
3.5072
3.5077
3.5082
3.5087
3.5092
3.5097
3.5102
3.5107
3.5112
3.5117
3.5121
3.5126
3.5131
3.5136
3.5141
3.5146
3.5151
3.5156
3.5161
3.5166
3.5171
3.5176
3.5181
3.5186
3.519
3.5195
3.52
3.5205
3.5209
3.5214
3.5219
3.5224
3.5228
3.5233
3.5238
3.5243
3.5247
3.5252
3.5257
3.5262
3.5266
3.5271
3.5276
3.5281
3.5286
3.529
3.5295
3.53
3.5305
3.531
3.5314
3.5319
3.5324
3.5329
3.5333
3.5338
3.5343
3.5347
3.5352
3.5356
3.5361
3.5365
3.537
3.5375
3.5379
3.5384
3.5388
3.5393
3.5398
3.5402
3.5407
3.5412
3.5417
3.5421
3.5426
3.5431
3.5436
3.5441
3.5446
3.5451
3.5456
3.5461
3.5465
3.547
3.5475
3.548
3.5484
3.5489
3.5494
3.5498
3.5503
3.5508
3.5513
3.5517
3.5522
3.5527
3.5531
3.5536
3.5541
3.5546
3.555
3.5555
3.556
3.5565
3.557
3.5575
3.5579
3.5584
3.5588
3.5593
3.5598
3.5602
3.5607
3.5612
3.5617
3.5622
3.5627
3.5632
3.5636
3.5641
3.5646
3.5651
3.5656
3.5661
3.5667
3.5672
3.5677
3.5682
3.5687
3.5692
3.5697
3.5702
3.5707
3.5712
3.5717
3.5722
3.5727
3.5731
3.5737
3.5742
3.5747
3.5752
3.5757
3.5762
3.5768
3.5773
3.5778
3.5783
3.5788
3.5794
3.5799
3.5803
3.5808
3.5813
3.5818
3.5823
3.5828
3.5833
3.5839
3.5844
3.5849
3.5854
3.5859
3.5863
3.5868
3.5873
3.5878
3.5883
3.5888
3.5893
3.5898
3.5902
3.5907
3.5912
3.5917
3.5922
3.5927
3.5932
3.5937
3.5942
3.5947
3.5952
3.5957
3.5962
3.5967
3.5972
3.5977
3.5982
3.5987
3.5992
3.5996
3.6001
3.6006
3.6011
3.6016
3.602
3.6025
3.603
3.6035
3.604
3.6044
3.6049
3.6054
3.6059
3.6063
3.6068
3.6073
3.6078
3.6082
3.6087
3.6092
3.6096
3.6101
3.6106
3.611
3.6115
3.612
3.6124
3.6129
3.6134
3.6139
3.6143
3.6148
3.6153
3.6158
3.6163
3.6168
3.6172
3.6177
3.6182
3.6186
3.6191
3.6195
3.62
3.6205
3.6209
3.6214
3.6219
3.6223
3.6228
3.6232
3.6237
3.6241
3.6246
3.625
3.6255
3.6259
3.6264
3.6268
3.6273
3.6277
3.6282
3.6286
3.6291
3.6295
3.63
3.6304
3.6309
3.6314
3.6318
3.6323
3.6327
3.6331
3.6336
3.634
3.6345
3.6349
3.6354
3.6358
3.6362
3.6367
3.6372
3.6376
3.6381
3.6386
3.6391
3.6395
3.64
3.6405
3.641
3.6414
3.6419
3.6424
3.6429
3.6434
3.6439
3.6444
3.6449
3.6453
3.6458
3.6463
3.6468
3.6472
3.6477
3.6482
3.6486
3.6491
3.6495
3.65
3.6505
3.6509
3.6514
3.6519
3.6523
3.6528
3.6533
3.6538
3.6543
3.6548
3.6553
3.6558
3.6563
3.6568
3.6573
3.6578
3.6582
3.6587
3.6592
3.6597
3.6602
3.6607
3.6612
3.6617
3.6621
3.6626
3.6631
3.6636
3.6641
3.6645
3.665
3.6655
3.666
3.6664
3.6669
3.6674
3.6679
3.6683
3.6688
3.6693
3.6698
3.6702
3.6707
3.6712
3.6717
3.6721
3.6726
3.6731
3.6736
3.6741
3.6745
3.675
3.6755
3.676
3.6764
3.6769
3.6774
3.6778
3.6783
3.6788
3.6793
3.6798
3.6803
3.6808
3.6813
3.6818
3.6822
3.6827
3.6832
3.6837
3.6842
3.6846
3.6851
3.6856
3.6861
3.6866
3.6871
3.6875
3.688
3.6885
3.689
3.6895
3.69
3.6905
3.691
3.6915
3.692
3.6924
3.6929
3.6934
3.6939
3.6944
3.6949
3.6954
3.6959
3.6964
3.6969
3.6973
3.6978
3.6983
3.6987
3.6992
3.6997
3.7002
3.7006
3.7011
3.7016
3.7021
3.7026
3.7031
3.7035
3.704
3.7045
3.705
3.7055
3.706
3.7065
3.707
3.7076
3.7081
3.7086
3.7091
3.7096
3.7101
3.7106
3.7111
3.7117
3.7121
3.7126
3.7131
3.7136
3.7141
3.7146
3.7151
3.7155
3.716
3.7165
3.717
3.7175
3.718
3.7185
3.7191
3.7196
3.7201
3.7206
3.7211
3.7216
3.7222
3.7227
3.7232
3.7237
3.7242
3.7247
3.7252
3.7257
3.7262
3.7267
3.7272
3.7277
3.7282
3.7287
3.7292
3.7297
3.7302
3.7307
3.7312
3.7317
3.7322
3.7327
3.7332
3.7337
3.7342
3.7347
3.7352
3.7357
3.7362
3.7367
3.7372
3.7377
3.7382
3.7387
3.7392
3.7398
3.7402
3.7407
3.7412
3.7417
3.7422
3.7427
3.7432
3.7437
3.7441
3.7446
3.7451
3.7456
3.7461
3.7465
3.747
3.7475
3.748
3.7485
3.749
3.7495
3.75
3.7505
3.751
3.7515
3.7519
3.7524
3.7528
3.7533
3.7537
3.7542
3.7546
3.755
3.7555
3.756
3.7564
3.7569
3.7573
3.7578
3.7582
3.7587
3.7592
3.7596
3.7601
3.7606
3.761
3.7615
3.7619
3.7624
3.7628
3.7633
3.7637
3.7642
3.7647
3.7652
3.7656
3.7661
3.7666
3.7671
3.7675
3.768
3.7685
3.769
3.7694
3.7699
3.7704
3.7709
3.7713
3.7718
3.7723
3.7727
3.7732
3.7737
3.7741
3.7746
3.775
3.7755
3.776
3.7764
3.7769
3.7774
3.7779
3.7784
3.7788
3.7793
3.7798
3.7803
3.7808
3.7813
3.7818
3.7823
3.7828
3.7833
3.7838
3.7843
3.7848
3.7853
3.7858
3.7863
3.7868
3.7872
3.7877
3.7882
3.7887
3.7892
3.7898
3.7903
3.7908
3.7913
3.7918
3.7923
3.7928
3.7933
3.7938
3.7943
3.7948
3.7953
3.7958
3.7963
3.7968
3.7973
3.7978
3.7983
3.7988
3.7993
3.7998
3.8003
3.8008
3.8013
3.8018
3.8023
3.8028
3.8033
3.8039
3.8044
3.8049
3.8054
3.8059
3.8064
3.8069
3.8074
3.8079
3.8083
3.8088
3.8093
3.8097
3.8102
3.8106
3.8111
3.8115
3.8119
3.8124
3.8128
3.8132
3.8137
3.8141
3.8146
3.8151
3.8155
3.816
3.8164
3.8169
3.8174
3.8179
3.8184
3.8189
3.8194
3.8199
3.8204
3.8209
3.8214
3.8219
3.8224
3.8229
3.8233
3.8238
3.8243
3.8248
3.8252
3.8257
3.8262
3.8266
3.8271
3.8275
3.828
3.8285
3.8289
3.8294
3.8299
3.8304
3.8309
3.8314
3.8319
3.8323
3.8328
3.8333
3.8338
3.8343
3.8347
3.8352
3.8357
3.8362
3.8367
3.8372
3.8377
3.8382
3.8387
3.8392
3.8397
3.8402
3.8407
3.8413
3.8418
3.8423
3.8428
3.8433
3.8438
3.8443
3.8448
3.8453
3.8459
3.8463
3.8468
3.8473
3.8478
3.8483
3.8488
3.8492
3.8497
3.8502
3.8507
3.8511
3.8516
3.852
3.8525
3.853
3.8534
3.8539
3.8544
3.8549
3.8553
3.8558
3.8563
3.8568
3.8572
3.8577
3.8582
3.8587
3.8592
3.8596
3.8601
3.8606
3.8611
3.8615
3.862
3.8625
3.8629
3.8634
3.8639
3.8644
3.8648
3.8653
3.8658
3.8663
3.8667
3.8672
3.8677
3.8682
3.8687
3.8692
3.8697
3.8702
3.8707
3.8712
3.8716
3.8721
3.8726
3.8731
3.8735
3.874
3.8745
3.875
3.8755
3.876
3.8765
3.8769
3.8774
3.8779
3.8784
3.8789
3.8794
3.8799
3.8804
3.8809
3.8814
3.8819
3.8823
3.8829
3.8834
3.8839
3.8844
3.885
3.8855
3.886
3.8866
3.8871
3.8876
3.8881
3.8886
3.8891
3.8896
3.8901
3.8906
3.8911
3.8916
3.8921
3.8926
3.8931
3.8937
3.8942
3.8947
3.8952
3.8957
3.8962
3.8967
3.8972
3.8977
3.8982
3.8986
3.8991
3.8996
3.9
3.9005
3.901
3.9015
3.9019
3.9024
3.9029
3.9034
3.9038
3.9043
3.9048
3.9052
3.9057
3.9062
3.9066
3.9071
3.9076
3.908
3.9085
3.9089
3.9094
3.9098
3.9103
3.9108
3.9112
3.9117
3.9122
3.9127
3.9131
3.9136
3.9141
3.9145
3.915
3.9154
3.9159
3.9164
3.9168
3.9173
3.9178
3.9182
3.9187
3.9192
3.9197
3.9201
3.9206
3.9211
3.9215
3.922
3.9224
3.9229
3.9234
3.9238
3.9243
3.9248
3.9252
3.9257
3.9262
3.9267
3.9271
3.9276
3.9281
3.9286
3.9291
3.9295
3.93
3.9305
3.931
3.9315
3.932
3.9324
3.9329
3.9334
3.9339
3.9344
3.9348
3.9353
3.9358
3.9362
3.9367
3.9372
3.9376
3.9381
3.9385
3.939
3.9394
3.9399
3.9404
3.9409
3.9413
3.9418
3.9423
3.9428
3.9433
3.9438
3.9443
3.9447
3.9452
3.9457
3.9462
3.9467
3.9472
3.9476
3.9481
3.9486
3.949
3.9495
3.95
3.9504
3.9509
3.9513
3.9518
3.9523
3.9528
3.9533
3.9537
3.9542
3.9547
3.9552
3.9557
3.9562
3.9566
3.9571
3.9577
3.9582
3.9587
3.9592
3.9597
3.9602
3.9608
3.9613
3.9618
3.9623
3.9628
3.9633
3.9639
3.9644
3.9649
3.9654
3.9659
3.9665
3.967
3.9675
3.968
3.9685
3.969
3.9695
3.97
3.9705
3.971
3.9715
3.972
3.9725
3.973
3.9734
3.9739
3.9744
3.9749
3.9754
3.9759
3.9764
3.9769
3.9774
3.9779
3.9784
3.9789
3.9794
3.9799
3.9803
3.9808
3.9813
3.9818
3.9823
3.9828
3.9833
3.9838
3.9843
3.9848
3.9853
3.9858
3.9862
3.9867
3.9872
3.9877
3.9882
3.9887
3.9892
3.9897
3.9902
3.9906
3.9911
3.9916
3.992
3.9925
3.993
3.9934
3.9939
3.9944
3.9948
3.9953
3.9957
3.9962
3.9967
3.9971
3.9976
3.998
3.9985
3.999
3.9994
3.9999
4.0003
4.0008
4.0013
4.0018
4.0023
4.0028
4.0033
4.0038
4.0043
4.0048
4.0053
4.0057
4.0062
4.0067
4.0071
4.0076
4.0081
4.0086
4.0091
4.0095
4.01
4.0105
4.011
4.0114
4.0119
4.0124
4.0129
4.0134
4.0138
4.0143
4.0148
4.0153
4.0158
4.0163
4.0168
4.0173
4.0178
4.0183
4.0188
4.0193
4.0198
4.0203
4.0208
4.0213
4.0217
4.0222
4.0227
4.0232
4.0237
4.0242
4.0247
4.0252
4.0257
4.0261
4.0266
4.0271
4.0276
4.0281
4.0286
4.0291
4.0296
4.0301
4.0306
4.0311
4.0316
4.0321
4.0326
4.0331
4.0337
4.0342
4.0347
4.0352
4.0357
4.0363
4.0368
4.0373
4.0378
4.0384
4.0389
4.0394
4.0399
4.0404
4.0409
4.0415
4.042
4.0425
4.043
4.0435
4.044
4.0445
4.045
4.0455
4.046
4.0464
4.0469
4.0474
4.0479
4.0483
4.0488
4.0492
4.0497
4.0501
4.0506
4.0511
4.0515
4.052
4.0525
4.0529
4.0534
4.0539
4.0543
4.0548
4.0552
4.0557
4.0561
4.0566
4.057
4.0575
4.0579
4.0584
4.0589
4.0593
4.0598
4.0603
4.0607
4.0612
4.0616
4.0621
4.0626
4.0631
4.0635
4.064
4.0645
4.065
4.0655
4.0659
4.0664
4.0669
4.0674
4.0679
4.0683
4.0688
4.0693
4.0698
4.0702
4.0707
4.0712
4.0717
4.0722
4.0726
4.0731
4.0736
4.074
4.0745
4.075
4.0755
4.076
4.0765
4.077
4.0775
4.078
4.0785
4.0789
4.0794
4.0799
4.0803
4.0808
4.0813
4.0818
4.0823
4.0828
4.0833
4.0838
4.0843
4.0848
4.0853
4.0858
4.0863
4.0868
4.0873
4.0878
4.0883
4.0888
4.0893
4.0898
4.0903
4.0908
4.0913
4.0918
4.0923
4.0928
4.0933
4.0938
4.0943
4.0948
4.0953
4.0958
4.0963
4.0968
4.0974
4.0979
4.0984
4.099
4.0995
4.1
4.1005
4.1011
4.1016
4.1021
4.1026
4.1031
4.1036
4.1042
4.1047
4.1052
4.1057
4.1062
4.1067
4.1072
4.1077
4.1082
4.1087
4.1092
4.1097
4.1102
4.1107
4.1112
4.1117
4.1123
4.1127
4.1132
4.1137
4.1142
4.1147
4.1152
4.1157
4.1162
4.1167
4.1172
4.1177
4.1181
4.1186
4.1191
4.1195
4.12
4.1205
4.1209
4.1214
4.1219
4.1224
4.1228
4.1233
4.1238
4.1243
4.1247
4.1252
4.1256
4.1261
4.1265
4.127
4.1274
4.1279
4.1283
4.1288
4.1292
4.1297
4.1301
4.1306
4.131
4.1315
4.132
4.1324
4.1329
4.1334
4.1339
4.1343
4.1348
4.1352
4.1357
4.1361
4.1366
4.137
4.1375
4.138
4.1384
4.1389
4.1394
4.1399
4.1403
4.1408
4.1413
4.1417
4.1422
4.1427
4.1432
4.1436
4.1441
4.1446
4.1451
4.1456
4.1461
4.1466
4.1471
4.1476
4.1481
4.1486
4.1491
4.1496
4.1501
4.1506
4.1511
4.1516
4.1521
4.1526
4.1531
4.1536
4.1541
4.1547
4.1552
4.1557
4.1562
4.1568
4.1573
4.1578
4.1583
4.1589
4.1594
4.1599
4.1604
4.161
4.1615
4.162
4.1626
4.1631
4.1636
4.1641
4.1646
4.1652
4.1657
4.1662
4.1667
4.1672
4.1677
4.1682
4.1688
4.1693
4.1698
4.1703
4.1708
4.1713
4.1718
4.1723
4.1728
4.1733
4.1739
4.1744
4.1749
4.1754
4.176
4.1765
4.177
4.1775
4.1781
4.1786
4.1791
4.1796
4.1801
4.1806
4.1811
4.1816
4.1822
4.1827
4.1832
4.1837
4.1842
4.1847
4.1852
4.1857
4.1862
4.1867
4.1872
4.1877
4.1882
4.1887
4.1892
4.1897
4.1902
4.1907
4.1912
4.1917
4.1922
4.1927
4.1932
4.1937
4.1942
4.1946
4.1951
4.1956
4.1961
4.1966
4.197
4.1975
4.198
4.1985
4.199
4.1995
4.2
4.2005
4.201
4.2015
4.202
4.2025
4.203
4.2035
4.204
4.2045
4.205
4.2055
4.206
4.2066
4.2071
4.2076
4.2081
4.2086
4.2091
4.2096
4.2101
4.2106
4.2111
4.2116
4.2121
4.2126
4.2131
4.2136
4.2141
4.2146
4.2151
4.2156
4.2161
4.2166
4.2171
4.2176
4.2182
4.2187
4.2192
4.2198
4.2203
4.2208
4.2213
4.2218
4.2223
4.2229
4.2234
4.2239
4.2244
4.225
4.2255
4.226
4.2265
4.227
4.2275
4.228
4.2285
4.229
4.2295
4.2301
4.2306
4.2311
4.2316
4.2321
4.2327
4.2332
4.2337
4.2342
4.2348
4.2353
4.2358
4.2364
4.2369
4.2375
4.238
4.2386
4.2391
4.2397
4.2403
4.2408
4.2413
4.2419
4.2424
4.243
4.2435
4.244
4.2446
4.2451
4.2457
4.2462
4.2467
4.2472
4.2477
4.2482
4.2487
4.2492
4.2497
4.2502
4.2507
4.2512
4.2517
4.2522
4.2527
4.2532
4.2537
4.2542
4.2547
4.2552
4.2557
4.2562
4.2567
4.2572
4.2577
4.2582
4.2587
4.2593
4.2598
4.2603
4.2608
4.2613
4.2618
4.2623
4.2628
4.2632
4.2637
4.2642
4.2647
4.2651
4.2656
4.2661
4.2666
4.2671
4.2676
4.2681
4.2686
4.269
4.2695
4.27
4.2705
4.271
4.2714
4.2719
4.2724
4.2729
4.2734
4.2739
4.2743
4.2749
4.2754
4.2759
4.2764
4.2769
4.2774
4.2779
4.2784
4.2789
4.2795
4.28
4.2805
4.281
4.2815
4.282
4.2826
4.283
4.2835
4.284
4.2845
4.285
4.2854
4.2859
4.2864
4.2869
4.2874
4.2878
4.2883
4.2888
4.2893
4.2898
4.2903
4.2907
4.2912
4.2917
4.2922
4.2927
4.2931
4.2936
4.2941
4.2945
4.295
4.2955
4.296
4.2965
4.2969
4.2974
4.2979
4.2984
4.2989
4.2994
4.2998
4.3003
4.3008
4.3013
4.3017
4.3022
4.3027
4.3032
4.3036
4.3041
4.3046
4.3051
4.3056
4.3061
4.3066
4.307
4.3075
4.308
4.3084
4.3089
4.3093
4.3098
4.3103
4.3108
4.3113
4.3117
4.3122
4.3127
4.3132
4.3136
4.3141
4.3146
4.315
4.3155
4.316
4.3165
4.317
4.3175
4.3179
4.3184
4.3189
4.3194
4.3199
4.3204
4.321
4.3215
4.322
4.3225
4.3231
4.3236
4.3241
4.3246
4.3251
4.3256
4.3261
4.3266
4.3271
4.3276
4.3281
4.3286
4.3291
4.3296
4.3301
4.3306
4.331
4.3315
4.332
4.3325
4.3329
4.3334
4.3339
4.3344
4.3349
4.3354
4.3359
4.3364
4.3369
4.3374
4.338
4.3385
4.339
4.3395
4.34
4.3405
4.341
4.3415
4.342
4.3425
4.343
4.3435
4.344
4.3446
4.3451
4.3456
4.3461
4.3466
4.3472
4.3477
4.3482
4.3487
4.3493
4.3498
4.3503
4.3509
4.3514
4.3519
4.3525
4.353
4.3535
4.3541
4.3546
4.3552
4.3558
4.3563
4.3569
4.3574
4.358
4.3585
4.3591
4.3597
4.3602
4.3608
4.3613
4.3619
4.3624
4.3629
4.3635
4.364
4.3645
4.3651
4.3656
4.3662
4.3667
4.3672
4.3677
4.3682
4.3687
4.3692
4.3698
4.3703
4.3708
4.3713
4.3718
4.3723
4.3728
4.3733
4.3738
4.3743
4.3748
4.3753
4.3758
4.3763
4.3768
4.3773
4.3778
4.3783
4.3788
4.3793
4.3799
4.3804
4.3809
4.3814
4.3819
4.3824
4.3829
4.3834
4.3839
4.3844
4.3849
4.3854
4.3859
4.3864
4.3869
4.3874
4.3879
4.3884
4.3889
4.3894
4.3899
4.3904
4.3909
4.3915
4.392
4.3925
4.393
4.3935
4.394
4.3946
4.3951
4.3956
4.3961
4.3966
4.3972
4.3977
4.3982
4.3988
4.3993
4.3998
4.4003
4.4008
4.4013
4.4018
4.4023
4.4029
4.4034
4.4039
4.4044
4.4049
4.4054
4.4059
4.4064
4.4069
4.4073
4.4078
4.4083
4.4088
4.4093
4.4098
4.4102
4.4107
4.4112
4.4117
4.4122
4.4127
4.4132
4.4137
4.4142
4.4146
4.4151
4.4156
4.4161
4.4166
4.4171
4.4176
4.4181
4.4186
4.4191
4.4196
4.4201
4.4205
4.421
4.4215
4.4221
4.4226
4.4231
4.4236
4.4241
4.4246
4.425
4.4256
4.4261
4.4266
4.4271
4.4276
4.4281
4.4286
4.4292
4.4297
4.4302
4.4307
4.4313
4.4318
4.4323
4.4328
4.4333
4.4338
4.4343
4.4347
4.4352
4.4357
4.4362
4.4368
4.4373
4.4378
4.4383
4.4388
4.4393
4.4398
4.4403
4.4408
4.4412
4.4417
4.4422
4.4427
4.4432
4.4437
4.4442
4.4447
4.4451
4.4456
4.4461
4.4466
4.4471
4.4475
4.448
4.4485
4.4489
4.4494
4.4499
4.4504
4.4509
4.4514
4.4519
4.4524
4.4529
4.4534
4.4539
4.4544
4.4549
4.4554
4.4559
4.4564
4.4569
4.4575
4.458
4.4585
4.4591
4.4596
4.4601
4.4607
4.4612
4.4617
4.4622
4.4628
4.4633
4.4638
4.4644
4.4649
4.4654
4.4659
4.4664
4.4669
4.4674
4.4679
4.4684
4.4689
4.4694
4.47
4.4705
4.471
4.4715
4.472
4.4726
4.4731
4.4736
4.4741
4.4746
4.4751
4.4757
4.4762
4.4767
4.4771
4.4776
4.4782
4.4787
4.4792
4.4797
4.4803
4.4808
4.4813
4.4818
4.4824
4.4829
4.4835
4.484
4.4845
4.4851
4.4856
4.4862
4.4867
4.4873
4.4878
4.4883
4.4888
4.4894
4.4899
4.4904
4.4909
4.4914
4.492
4.4925
4.493
4.4936
4.4941
4.4947
4.4952
4.4958
4.4963
4.4969
4.4974
4.4979
4.4985
4.499
4.4995
4.5001
4.5006
4.5011
4.5016
4.5021
4.5027
4.5032
4.5037
4.5042
4.5047
4.5052
4.5058
4.5063
4.5068
4.5073
4.5079
4.5084
4.5089
4.5095
4.51
4.5105
4.5111
4.5116
4.5121
4.5126
4.5132
4.5137
4.5142
4.5147
4.5153
4.5158
4.5163
4.5169
4.5174
4.5179
4.5185
4.519
4.5195
4.52
4.5205
4.5211
4.5216
4.5221
4.5227
4.5232
4.5237
4.5243
4.5248
4.5253
4.5258
4.5263
4.5268
4.5273
4.5278
4.5283
4.5288
4.5293
4.5298
4.5303
4.5308
4.5313
4.5318
4.5323
4.5327
4.5332
4.5337
4.5342
4.5347
4.5353
4.5358
4.5363
4.5368
4.5373
4.5378
4.5383
4.5388
4.5394
4.5399
4.5404
4.5409
4.5414
4.5419
4.5424
4.543
4.5435
4.544
4.5446
4.5451
4.5456
4.5461
4.5466
4.5471
4.5476
4.5481
4.5486
4.5491
4.5496
4.5501
4.5505
4.551
4.5515
4.552
4.5525
4.553
4.5535
4.554
4.5545
4.5551
4.5556
4.5561
4.5566
4.5571
4.5576
4.5581
4.5586
4.5591
4.5596
4.5601
4.5606
4.5612
4.5617
4.5622
4.5628
4.5633
4.5638
4.5644
4.5649
4.5654
4.566
4.5665
4.5671
4.5676
4.5682
4.5687
4.5693
4.5698
4.5703
4.5708
4.5713
4.5719
4.5724
4.5729
4.5735
4.574
4.5745
4.5751
4.5756
4.5762
4.5767
4.5773
4.5779
4.5784
4.579
4.5796
4.5801
4.5807
4.5813
4.5818
4.5824
4.5829
4.5835
4.5841
4.5846
4.5852
4.5858
4.5864
4.5869
4.5875
4.588
4.5885
4.589
4.5896
4.5901
4.5907
4.5912
4.5917
4.5922
4.5927
4.5932
4.5937
4.5943
4.5948
4.5953
4.5958
4.5963
4.5969
4.5974
4.5979
4.5984
4.5989
4.5995
4.6
4.6006
4.6011
4.6017
4.6022
4.6027
4.6033
4.6038
4.6044
4.6049
4.6055
4.606
4.6066
4.6071
4.6077
4.6082
4.6088
4.6093
4.6099
4.6104
4.6109
4.6115
4.612
4.6125
4.6131
4.6136
4.6141
4.6147
4.6152
4.6158
4.6163
4.6169
4.6174
4.618
4.6185
4.619
4.6196
4.6201
4.6206
4.6212
4.6217
4.6222
4.6228
4.6233
4.6238
4.6244
4.6249
4.6255
4.626
4.6265
4.6271
4.6276
4.6281
4.6287
4.6292
4.6298
4.6304
4.6309
4.6315
4.632
4.6326
4.6332
4.6338
4.6344
4.635
4.6356
4.6362
4.6368
4.6373
4.6379
4.6385
4.6391
4.6397
4.6403
4.6408
4.6414
4.642
4.6426
4.6431
4.6437
4.6443
4.6449
4.6455
4.6461
4.6467
4.6473
4.6479
4.6485
4.6491
4.6497
4.6503
4.6509
4.6515
4.6521
4.6527
4.6533
4.6539
4.6545
4.6552
4.6558
4.6564
4.657
4.6576
4.6582
4.6588
4.6594
4.6599
4.6605
4.6611
4.6617
4.6622
4.6628
4.6634
4.6639
4.6645
4.6651
4.6656
4.6662
4.6667
4.6673
4.6679
4.6684
4.669
4.6696
4.6702
4.6707
4.6713
4.6718
4.6724
4.673
4.6735
4.6741
4.6747
4.6753
4.6759
4.6765
4.677
4.6776
4.6781
4.6787
4.6793
4.6798
4.6804
4.681
4.6816
4.6822
4.6827
4.6833
4.6839
4.6845
4.6851
4.6857
4.6863
4.6869
4.6875
4.6881
4.6887
4.6893
4.6899
4.6905
4.6911
4.6917
4.6923
4.6929
4.6936
4.6942
4.6948
4.6954
4.696
4.6966
4.6972
4.6978
4.6984
4.699
4.6996
4.7002
4.7008
4.7015
4.7021
4.7027
4.7033
4.7039
4.7044
4.705
4.7056
4.7061
4.7067
4.7072
4.7078
4.7084
4.7089
4.7095
4.7101
4.7107
4.7113
4.7119
4.7125
4.713
4.7136
4.7142
4.7147
4.7153
4.7159
4.7164
4.717
4.7176
4.7182
4.7187
4.7193
4.7199
4.7205
4.721
4.7216
4.7222
4.7227
4.7233
4.7239
4.7245
4.725
4.7256
4.7262
4.7268
4.7274
4.728
4.7285
4.7291
4.7297
4.7303
4.7309
4.7315
4.7321
4.7327
4.7332
4.7338
4.7344
4.7349
4.7355
4.736
4.7366
4.7371
4.7377
4.7382
4.7388
4.7393
4.7399
4.7404
4.741
4.7415
4.7421
4.7427
4.7432
4.7438
4.7443
4.7449
4.7455
4.746
4.7466
4.7472
4.7478
4.7483
4.7489
4.7495
4.75
4.7506
4.7512
4.7518
4.7523
4.7529
4.7535
4.7541
4.7546
4.7552
4.7558
4.7563
4.7569
4.7574
4.758
4.7585
4.7591
4.7597
4.7603
4.7608
4.7614
4.762
4.7626
4.7631
4.7637
4.7643
4.7649
4.7655
4.7661
4.7667
4.7672
4.7678
4.7684
4.769
4.7695
4.7701
4.7707
4.7713
4.7719
4.7725
4.773
4.7736
4.7742
4.7749
4.7755
4.7761
4.7767
4.7773
4.7779
4.7785
4.7791
4.7798
4.7804
4.781
4.7816
4.7822
4.7829
4.7835
4.7841
4.7847
4.7853
4.786
4.7865
4.7871
4.7877
4.7883
4.7889
4.7895
4.7901
4.7907
4.7913
4.792
4.7926
4.7932
4.7938
4.7944
4.795
4.7956
4.7963
4.7969
4.7975
4.7981
4.7988
4.7994
4.8
4.8006
4.8012
4.8019
4.8025
4.8031
4.8037
4.8043
4.805
4.8056
4.8062
4.8068
4.8074
4.8081
4.8087
4.8093
4.81
4.8106
4.8113
4.8119
4.8125
4.8131
4.8138
4.8144
4.815
4.8156
4.8163
4.8169
4.8175
4.8182
4.8188
4.8195
4.8201
4.8208
4.8214
4.822
4.8227
4.8233
4.8239
4.8245
4.8252
4.8258
4.8264
4.827
4.8276
4.8282
4.8289
4.8295
4.8302
4.8308
4.8315
4.8321
4.8328
4.8334
4.8341
4.8348
4.8354
4.8361
4.8367
4.8374
4.8381
4.8387
4.8394
4.84
4.8407
4.8413
4.8419
4.8426
4.8432
4.8439
4.8445
4.8451
4.8457
4.8463
4.8469
4.8475
4.8482
4.8488
4.8494
4.8501
4.8507
4.8514
4.8521
4.8527
4.8534
4.8541
4.8548
4.8555
4.8562
4.8569
4.8576
4.8583
4.859
4.8597
4.8605
4.8612
4.8619
4.8626
4.8633
4.864
4.8647
4.8654
4.8661
4.8668
4.8675
4.8682
4.8689
4.8697
4.8704
4.8711
4.8718
4.8725
4.8733
4.874
4.8747
4.8754
4.8762
4.8769
4.8775
4.8782
4.8788
4.8795
4.8801
4.8808
4.8815
4.8821
4.8828
4.8835
4.8842
4.8848
4.8855
4.8863
4.887
4.8877
4.8884
4.8891
4.8898
4.8905
4.8912
4.8919
4.8926
4.8933
4.8941
4.8948
4.8955
4.8962
4.897
4.8977
4.8984
4.8991
4.8999
4.9006
4.9013
4.902
4.9028
4.9035
4.9042
4.905
4.9057
4.9064
4.9071
4.9078
4.9085
4.9092
4.9099
4.9106
4.9113
4.9119
4.9126
4.9133
4.9139
4.9146
4.9152
4.9159
4.9166
4.9172
4.9179
4.9186
4.9193
4.92
4.9207
4.9213
4.922
4.9227
4.9234
4.9241
4.9248
4.9255
4.9262
4.927
4.9277
4.9284
4.9291
4.9298
4.9306
4.9313
4.9321
4.9329
4.9336
4.9344
4.9352
4.9359
4.9367
4.9375
4.9383
4.9391
4.9398
4.9406
4.9414
4.9422
4.9429
4.9437
4.9445
4.9452
4.946
4.9468
4.9476
4.9483
4.9491
4.9499
4.9507
4.9514
4.9522
4.953
4.9538
4.9546
4.9554
4.9561
4.9569
4.9576
4.9584
4.9592
4.96
4.9607
4.9615
4.9622
4.9629
4.9636
4.9644
4.9651
4.9659
4.9667
4.9674
4.9682
4.969
4.9697
4.9705
4.9713
4.9721
4.9729
4.9736
4.9744
4.9752
4.976
4.9768
4.9776
4.9784
4.9792
4.98
4.9808
4.9816
4.9824
4.9833
4.9841
4.9849
4.9857
4.9864
4.9872
4.988
4.9888
4.9895
4.9903
4.991
4.9918
4.9925
4.9933
4.9941
4.9948
4.9956
4.9963
4.997
4.9978
4.9985
4.9992
4.9999
5.0006
5.0013
5.0021
5.0028
5.0035
5.0043
5.005
5.0057
5.0065
5.0072
5.008
5.0088
5.0095
5.0103
5.011
5.0118
5.0125
5.0133
5.0141
5.0149
5.0157
5.0165
5.0173
5.0181
5.0189
5.0197
5.0205
5.0213
5.0221
5.023
5.0238
5.0246
5.0255
5.0264
5.0272
5.0281
5.029
5.0299
5.0308
5.0316
5.0325
5.0334
5.0343
5.0352
5.0361
5.0369
5.0378
5.0386
5.0395
5.0404
5.0413
5.0422
5.0431
5.044
5.0449
5.0458
5.0467
5.0476
5.0485
5.0494
5.0502
5.0512
5.0521
5.053
5.0539
5.0548
5.0557
5.0566
5.0575
5.0584
5.0593
5.0602
5.0611
5.062
5.0629
5.0637
5.0646
5.0655
5.0664
5.0673
5.0682
5.069
5.0699
5.0708
5.0717
5.0726
5.0735
5.0744
5.0753
5.0762
5.0771
5.078
5.0789
5.0798
5.0807
5.0816
5.0825
5.0834
5.0843
5.0853
5.0862
5.0871
5.088
5.089
5.0899
5.0909
5.0918
5.0928
5.0937
5.0947
5.0957
5.0966
5.0976
5.0986
5.0995
5.1005
5.1015
5.1024
5.1034
5.1044
5.1053
5.1063
5.1072
5.1081
5.1091
5.11
5.111
5.1119
5.1129
5.1139
5.1149
5.1158
5.1168
5.1179
5.1189
5.1199
5.1209
5.122
5.123
5.124
5.125
5.126
5.1271
5.1281
5.1291
5.1302
5.1313
5.1324
5.1335
5.1345
5.1356
5.1367
5.1378
5.1389
5.14
5.1412
5.1423
5.1434
5.1446
5.1457
5.1468
5.1479
5.149
5.1501
5.1512
5.1524
5.1535
5.1546
5.1557
5.1569
5.1581
5.1592
5.1604
5.1616
5.1628
5.1641
5.1653
5.1665
5.1677
5.1689
5.1701
5.1713
5.1725
5.1737
5.1749
5.1762
5.1774
5.1786
5.1798
5.1811
5.1823
5.1836
5.1848
5.1861
5.1873
5.1885
5.1897
5.191
5.1923
5.1935
5.1948
5.196
5.1972
5.1985
5.1997
5.2009
5.2021
5.2034
5.2046
5.2059
5.2071
5.2084
5.2097
5.2111
5.2124
5.2137
5.215
5.2163
5.2176
5.2189
5.2202
5.2215
5.2228
5.2242
5.2255
5.2268
5.2281
5.2294
5.2306
5.2319
5.2332
5.2345
5.2357
5.2371
5.2384
5.2398
5.2411
5.2424
5.2438
5.2451
5.2464
5.2478
5.2491
5.2505
5.2519
5.2533
5.2546
5.256
5.2574
5.2589
5.2603
5.2617
5.2631
5.2646
5.266
5.2675
5.269
5.2705
5.2719
5.2734
5.2749
5.2764
5.2778
5.2793
5.2807
5.2822
5.2837
5.2853
5.2868
5.2884
5.29
5.2916
5.2932
5.2948
5.2964
5.2981
5.2997
5.3013
5.3029
5.3046
5.3062
5.308
5.3097
5.3114
5.3132
5.3149
5.3167
5.3185
5.3202
5.322
5.3238
5.3256
5.3273
5.3292
5.331
5.3329
5.3347
5.3366
5.3384
5.3402
5.342
5.3438
5.3455
5.3473
5.3491
5.3509
5.3528
5.3547
5.3565
5.3584
5.3603
5.3621
5.364
5.3659
5.3677
5.3696
5.3715
5.3735
5.3756
5.3776
5.3796
5.3817
5.3837
5.3858
5.3878
5.3899
5.3919
5.394
5.396
5.3981
5.4003
5.4025
5.4046
5.4069
5.4092
5.4115
5.4137
5.4161
5.4185
5.4209
5.4233
5.4257
5.4281
5.4305
5.4329
5.4354
5.438
5.4405
5.4431
5.4457
5.4482
5.4508
5.4534
5.4563
5.4591
5.462
5.4648
5.4677
5.4705
5.4733
5.4762
5.479
5.4819
5.4848
5.4877
5.4908
5.4939
5.497
5.5001
5.5035
5.5069
5.5102
5.5136
5.5172
5.5207
5.5242
5.5278
5.5314
5.5351
5.5388
5.5425
5.5463
5.5502
5.5541
5.5579
5.562
5.5661
5.5703
5.5744
5.5787
5.583
5.5872
5.5915
5.5961
5.6007
5.6053
5.6098
5.6147
5.6195
5.6244
5.6292
5.6345
5.6398
5.6451
5.6504
5.6563
5.6622
5.6682
5.6741
5.6809
5.6877
5.6944
5.7012
5.708
5.7148
5.7216
5.7284
5.7353
5.7423
5.7492
5.7561
5.7629
5.7698
5.7766
5.7834
5.7903
5.7971
5.804
5.8109
5.8175
5.8242
5.8308
5.8375
5.8442
5.8509
5.8577
5.8644
5.8712
5.8779
5.8847
5.8915
5.8981
5.9047
5.9113
5.9179
5.9238
5.9297
5.9356
5.9415
5.9467
5.952
5.9573
5.9625
5.967
5.9715
5.976
5.9805
5.9834
5.9863
5.9892
5.9921
5.9948
5.9974
6.0001
6.0028
6.0029
6.003
6.0031
6.0032
6.0033
6.0033
6.0034
6.0035
6.0035
6.0036
6.0036
6.0036
6.0039
6.0043
6.0046
6.0049
6.0049
6.005
6.005
6.005
6.0051
6.0053
6.0054
6.0055
6.0055
6.0055
6.0056
6.0056
6.0058
6.0061
6.0064
6.0066
6.0068
6.007
6.0072
6.0074
6.0077
6.0079
6.0082
6.0085
6.0086
6.0086
6.0086
6.0087
6.0088
6.0088
6.0089
6.0089
6.009
6.009
6.0091
6.0091
6.0094
6.0096
6.0099
6.0101
6.0101
6.0101
6.0101
6.0101
6.0101
6.0101
6.0102
6.0102
6.0102
6.0103
6.0104
6.0105
6.0105
6.0105
6.0105
6.0106
6.0106
6.0106
6.0107
6.0107
6.0107
6.0108
6.0108
6.0108
6.011
6.0113
6.0115
6.0117
6.0118
6.0118
6.0119
6.0119
6.0121
6.0122
6.0123
6.0125
6.0127
6.0128
6.013
6.0132
6.0132
6.0133
6.0133
6.0133
6.0133
6.0133
6.0134
6.0134
6.0135
6.0137
6.0138
6.0139
6.0143
6.0147
6.015
6.0154
6.0155
6.0157
6.0159
6.016
6.0161
6.0162
6.0163
6.0164
6.0167
6.017
6.0173
6.0176
6.0176
6.0177
6.0177
6.0177
6.0179
6.0182
6.0185
6.0188
6.019
6.0193
6.0195
6.0198
6.0199
6.02
6.0202
6.0203
6.0205
6.0208
6.021
6.0212
6.0215
6.0217
6.022
6.0223
6.0228
6.0232
6.0237
6.0242
6.0243
6.0243
6.0244
6.0245
6.0247
6.0249
6.0251
6.0253
6.0256
6.0258
6.0261
6.0263
6.0266
6.0269
6.0272
6.0274
6.0279
6.0283
6.0288
6.0292
6.0294
6.0295
6.0296
6.0298
6.0306
6.0315
6.0324
6.0333
6.0335
6.0338
6.034
6.0343
6.0352
6.036
6.0369
6.0378
6.038
6.0382
6.0385
6.0387
6.0399
6.0411
6.0423
6.0435
6.0437
6.0439
6.0441
6.0443
6.0456
6.0468
6.048
6.0492
6.0496
6.05
6.0504
6.0507
6.0519
6.0531
6.0544
6.0556
6.0563
6.0569
6.0576
6.0583
6.0593
6.0603
6.0613
6.0623
6.0631
6.0638
6.0646
6.0653
6.0666
6.0679
6.0692
6.0705
6.0714
6.0722
6.073
6.0739
6.0752
6.0765
6.0779
6.0792
6.08
6.0808
6.0815
6.0823
6.0838
6.0852
6.0867
6.0882
6.0893
6.0905
6.0916
6.0927
6.0929
6.093
6.0932
6.0933
6.0939
6.0944
6.095
6.0955
6.0955
6.0955
6.0956
6.0956
6.0956
6.0956
6.0956
6.0957
6.0959
6.096
6.0962
6.0964
6.0965
6.0966
6.0967
6.0968
6.0969
6.0969
6.0969
6.0969
6.0984
6.0998
6.1013
6.1027
6.1037
6.1046
6.1056
6.1066
6.1081
6.1096
6.1111
6.1126
6.1146
6.1166
6.1186
6.1206
6.1217
6.1228
6.1238
6.1249
6.126
6.1271
6.1282
6.1293
6.1314
6.1334
6.1355
6.1376
6.1389
6.1402
6.1415
6.1428
6.1451
6.1473
6.1495
6.1518
6.153
6.1543
6.1556
6.1569
6.159
6.161
6.1631
6.1651
6.1661
6.167
6.168
6.1689
6.1719
6.1749
6.1778
6.1808
6.1821
6.1833
6.1845
6.1858
6.1886
6.1915
6.1944
6.1973
6.1983
6.1994
6.2004
6.2015
6.2047
6.2078
6.211
6.2142
6.2157
6.2173
6.2188
6.2203
6.222
6.2238
6.2255
6.2272
6.2289
6.2307
6.2324
6.2341
6.2343
6.2345
6.2347
6.2349
6.2357
6.2364
6.2372
6.2379
6.2421
6.2463
6.2504
6.2546
6.2555
6.2563
6.2572
6.2581
6.2616
6.2651
6.2686
6.272
6.2729
6.2739
6.2748
6.2757
6.2765
6.2772
6.278
6.2788
6.2831
6.2874
6.2917
6.296
6.2972
6.2983
6.2995
6.3006
6.3057
6.3108
6.3159
6.321
6.3213
6.3216
6.3219
6.3222
6.3228
6.3233
6.3239
6.3245
6.3297
6.335
6.3403
6.3456
6.3459
6.3462
6.3465
6.3468
6.3475
6.3482
6.3489
6.3496
6.3551
6.3605
6.366
6.3715
6.3716
6.3717
6.3719
6.372
6.3734
6.3748
6.3761
6.3775
6.3832
6.3889
6.3946
6.4003
6.4008
6.4014
6.402
6.4025
6.4038
6.4051
6.4063
6.4076
6.4136
6.4196
6.4255
6.4315
6.4318
6.432
6.4323
6.4325
6.4338
6.4352
6.4365
6.4378
6.444
6.4503
6.4565
6.4628
6.4634
6.464
6.4646
6.4652
6.466
6.4669
6.4678
6.4686
6.4752
6.4818
6.4884
6.495
6.4963
6.4976
6.4989
6.5002
6.5004
6.5006
6.5008
6.501
6.5079
6.5149
6.5218
6.5287
6.5316
6.5346
6.5375
6.5404
6.5405
6.5406
6.5407
6.5407
6.548
6.5553
6.5626
6.5699
6.5726
6.5752
6.5779
6.5806
6.5806
6.5807
6.5807
6.5808
6.5885
6.5961
6.6038
6.6115
6.6147
6.618
6.6213
6.6246
6.6247
6.6248
6.625
6.6251
6.6332
6.6414
6.6495
6.6577
6.6601
6.6625
6.665
6.6674
6.6681
6.6688
6.6695
6.6702
6.6788
6.6874
6.6961
6.7047
6.7079
6.7112
6.7144
6.7177
6.7185
6.7193
6.7201
6.7208
6.73
6.7391
6.7482
6.7574
6.7596
6.7618
6.7641
6.7663
6.7666
6.7668
6.767
6.7673
6.777
6.7867
6.7964
6.8061
6.8108
6.8155
6.8203
6.825
6.8251
6.8251
6.8251
6.8251
6.8354
6.8458
6.8561
6.8665
6.8704
6.8744
6.8784
6.8823
6.8841
6.8859
6.8876
6.8894
6.9004
6.9115
6.9225
6.9336
6.9354
6.9372
6.9389
6.9407
6.9428
6.9449
6.9469
6.949
6.9493
6.9496
6.95
6.9503
6.9522
6.9541
6.956
6.9579
6.9698
6.9816
6.9935
7.0053
7.007
7.0086
7.0103
7.0119
7.0124
7.0128
7.0133
7.0138
7.0264
7.0391
7.0517
7.0643
7.0716
7.0789
7.0861
7.0934
7.0937
7.0941
7.0944
7.0947
7.1084
7.122
7.1356
7.1493
7.1543
7.1593
7.1643
7.1693
7.1699
7.1704
7.171
7.1716
7.183
7.1943
7.2057
7.2171
7.2261
7.2351
7.2441
7.2531
7.2537
7.2544
7.2551
7.2558
7.2716
7.2875
7.3034
7.3192
7.3261
7.3329
7.3397
7.3466
7.348
7.3494
7.3509
7.3523
7.3695
7.3867
7.4039
7.4211
7.4278
7.4344
7.441
7.4476
7.4479
7.4483
7.4486
7.449
7.4636
7.4783
7.4929
7.5075
7.5191
7.5306
7.5421
7.5536
7.5557
7.5578
7.5599
7.562
7.5783
7.5946
7.6109
7.6271
7.639
7.6508
7.6626
7.6744
7.6779
7.6814
7.6849
7.6884
7.7048
7.7212
7.7375
7.7539
7.7673
7.7808
7.7942
7.8077
7.8097
7.8117
7.8137
7.8157
7.8342
7.8526
7.8711
7.8895
7.9035
7.9174
7.9314
7.9453
7.9465
7.9477
7.9488
7.95
7.9696
7.9892
8.0088
8.0284
8.0463
8.0642
8.082
8.0999
8.1042
8.1085
8.1127
8.117
8.1387
8.1604
8.182
8.2037
8.2202
8.2368
8.2533
8.2699
8.2735
8.2771
8.2808
8.2844
8.3061
8.3278
8.3496
8.3713
8.393
8.4147
8.4364
8.4581
8.4585
8.459
8.4594
8.4598
8.4616
8.4634
8.4653
8.4671
8.4917
8.5163
8.5409
8.5654
8.59
8.6146
8.6392
8.6638
8.6638
8.6638
8.6639
8.6639
8.6649
8.6658
8.6668
8.6678
8.6931
8.7184
8.7438
8.7691
8.7944
8.8198
8.8451
8.8704
8.8769
8.8834
8.8899
8.8963
8.8966
8.8968
8.8971
8.8973
8.9249
8.9525
8.98
9.0076
9.0327
9.0578
9.0829
9.108
9.1196
9.1312
9.1428
9.1543
9.1602
9.1661
9.172
9.1779
9.1984
9.219
9.2395
9.2601
9.2806
9.3012
9.3217
9.3423
9.3629
9.3834
9.404
9.4245
9.431
9.4374
9.4438
9.4503
9.4505
9.4507
9.4509
9.4512
9.4534
9.4557
9.458
9.4603
9.4738
9.4873
9.5008
9.5143
9.519
9.5237
9.5284
9.5331
9.5447
9.5564
9.5681
9.5798
9.5914
9.6031
9.6148
9.6264
9.6381
9.6498
9.6615
9.6731
9.6848
9.6965
9.7082
9.7198
9.7292
9.7385
9.7479
9.7572
9.7607
9.7641
9.7675
9.7709
9.7767
9.7824
9.7881
9.7938
9.7996
9.8053
9.811
9.8167
9.8225
9.8282
9.8339
9.8397
9.8454
9.8511
9.8568
9.8626
9.8683
9.874
9.8797
9.8855
9.8912
9.8969
9.9026
9.9084
9.9141
9.9198
9.9256
9.9313
9.937
9.9427
9.9485
9.9542
9.9599
9.9656
9.9714
9.9771
9.9828
9.9885
9.9943
10
10.044
10.088
10.132
10.176
10.176
10.177
10.177
10.178
10.227
10.277
10.326
10.376
10.426
10.475
10.525
10.575
10.575
10.575
10.575
10.576
10.58
10.584
10.587
10.591
10.649
10.706
10.763
10.82
10.865
10.91
10.955
11
11.016
11.032
11.048
11.063
11.072
11.08
11.089
11.097
11.166
11.234
11.302
11.371
11.439
11.507
11.576
11.644
11.646
11.648
11.649
11.651
11.652
11.652
11.653
11.653
11.696
11.738
11.781
11.823
11.866
11.909
11.951
11.994
12.034
12.075
12.116
12.156
12.195
12.234
12.273
12.313
12.317
12.321
12.326
12.33
12.332
12.333
12.335
12.337
12.43
12.524
12.617
12.711
12.783
12.855
12.928
13
13.036
13.071
13.107
13.143
13.151
13.159
13.167
13.175
13.184
13.193
13.202
13.211
13.237
13.263
13.29
13.316
13.459
13.603
13.746
13.89
13.915
13.94
13.965
13.99
14.014
14.039
14.063
14.087
14.231
14.374
14.518
14.662
14.757
14.853
14.949
15.044
15.059
15.074
15.088
15.103
15.226
15.348
15.47
15.593
15.698
15.803
15.908
16.013
16.105
16.197
16.288
16.38
16.38
16.381
16.382
16.382
16.383
16.383
16.383
16.384
16.474
16.565
16.655
16.745
16.828
16.911
16.994
17.077
17.163
17.248
17.333
17.418
17.427
17.436
17.445
17.454
17.518
17.581
17.645
17.709
17.753
17.797
17.841
17.886
17.938
17.991
18.044
18.097
18.15
18.203
18.256
18.308
18.361
18.414
18.467
18.52
18.573
18.626
18.678
18.731
18.784
18.837
18.89
18.943
18.98
19.018
19.055
19.093
19.114
19.134
19.155
19.175
19.196
19.216
19.237
19.258
19.278
19.299
19.319
19.34
19.361
19.381
19.402
19.423
19.425
19.427
19.429
19.431
19.446
19.46
19.474
19.488
19.503
19.517
19.531
19.545
19.559
19.574
19.588
19.602
19.616
19.63
19.645
19.659
19.673
19.687
19.702
19.716
19.73
19.744
19.758
19.773
19.787
19.801
19.815
19.829
19.844
19.858
19.872
19.886
19.901
19.915
19.929
19.943
19.957
19.972
19.986
20
20.076
20.152
20.227
20.303
20.438
20.572
20.707
20.841
20.922
21.003
21.084
21.165
21.308
21.452
21.595
21.739
21.871
22.004
22.137
22.269
22.304
22.338
22.372
22.407
22.487
22.567
22.647
22.727
22.871
23.015
23.158
23.302
23.428
23.555
23.681
23.808
23.905
24.002
24.1
24.197
24.287
24.376
24.466
24.556
24.692
24.828
24.964
25.1
25.161
25.221
25.281
25.342
25.458
25.574
25.691
25.807
25.847
25.887
25.927
25.967
26.068
26.169
26.269
26.37
26.433
26.496
26.559
26.622
26.707
26.791
26.876
26.96
27.044
27.127
27.211
27.294
27.36
27.426
27.493
27.559
27.62
27.681
27.742
27.803
27.864
27.925
27.986
28.047
28.108
28.169
28.23
28.291
28.295
28.298
28.302
28.306
28.348
28.39
28.433
28.475
28.485
28.495
28.504
28.514
28.551
28.588
28.626
28.663
28.7
28.737
28.774
28.811
28.848
28.886
28.923
28.96
28.997
29.034
29.071
29.108
29.146
29.183
29.22
29.257
29.294
29.331
29.368
29.406
29.408
29.41
29.412
29.414
29.429
29.443
29.458
29.473
29.487
29.502
29.517
29.531
29.546
29.561
29.575
29.59
29.605
29.619
29.634
29.648
29.663
29.678
29.692
29.707
29.722
29.736
29.751
29.766
29.78
29.795
29.81
29.824
29.839
29.854
29.868
29.883
29.897
29.912
29.927
29.941
29.953
29.964
29.975
29.987
29.987
29.987
29.988
29.988
29.988
29.989
29.989
29.989
29.99
29.99
29.99
29.991
29.991
29.991
29.992
29.992
29.992
29.993
29.993
29.993
29.994
29.994
29.994
29.995
29.995
29.995
29.996
29.996
29.996
29.997
29.997
29.997
29.998
29.998
29.998
29.999
29.999
29.999
30
30
30.063
30.126
30.189
30.252
30.396
30.539
30.683
30.827
30.854
30.882
30.909
30.937
31.08
31.224
31.368
31.511
31.61
31.708
31.807
31.905
31.973
32.04
32.107
32.175
32.231
32.288
32.344
32.401
32.427
32.452
32.478
32.504
32.648
32.791
32.935
33.078
33.143
33.207
33.271
33.335
33.478
33.622
33.766
33.909
33.941
33.973
34.004
34.036
34.18
34.323
34.467
34.611
34.755
34.899
35.043
35.187
35.209
35.23
35.252
35.273
35.392
35.51
35.628
35.746
35.75
35.754
35.758
35.762
35.778
35.795
35.811
35.827
35.86
35.893
35.926
35.959
36.06
36.161
36.262
36.363
36.464
36.565
36.666
36.768
36.768
36.768
36.768
36.768
36.801
36.835
36.869
36.903
36.98
37.057
37.135
37.212
37.229
37.246
37.263
37.28
37.348
37.416
37.484
37.552
37.62
37.688
37.756
37.824
37.867
37.91
37.953
37.996
38.013
38.03
38.047
38.063
38.112
38.16
38.209
38.257
38.284
38.311
38.338
38.365
38.383
38.401
38.419
38.437
38.476
38.515
38.554
38.593
38.621
38.648
38.676
38.704
38.736
38.769
38.801
38.833
38.866
38.898
38.931
38.963
38.975
38.987
39
39.012
39.037
39.061
39.086
39.111
39.135
39.16
39.185
39.21
39.234
39.259
39.284
39.308
39.333
39.357
39.381
39.405
39.42
39.435
39.45
39.465
39.48
39.495
39.509
39.524
39.539
39.554
39.569
39.584
39.599
39.614
39.628
39.643
39.658
39.673
39.688
39.703
39.718
39.732
39.747
39.762
39.777
39.792
39.807
39.822
39.836
39.851
39.866
39.881
39.896
39.911
39.926
39.941
39.955
39.97
39.985
40
40.064
40.129
40.193
40.257
40.344
40.431
40.517
40.604
40.686
40.767
40.849
40.931
41.051
41.172
41.293
41.414
41.554
41.694
41.834
41.973
42.024
42.074
42.124
42.174
42.185
42.196
42.207
42.217
42.412
42.607
42.801
42.996
43.19
43.385
43.579
43.774
43.969
44.163
44.358
44.552
44.747
44.941
45.136
45.33
45.525
45.72
45.914
46.109
46.303
46.498
46.692
46.887
47.082
47.276
47.471
47.665
47.86
48.054
48.249
48.443
48.638
48.833
49.027
49.222
49.416
49.611
49.805
50
