0
0.1
0.2
0.3
0.4
0.5
0.6
0.7
0.8
0.84697
0.94697
1.047
1.0573
1.1573
1.2015
1.3015
1.3028
1.3886
1.4552
1.5146
1.5669
1.6133
1.6541
1.6944
1.7298
1.7647
1.7953
1.8235
1.8513
1.8774
1.9022
1.9254
1.9487
1.9704
1.992
2.0127
2.0322
2.0497
2.0687
2.0868
2.1036
2.1206
2.1369
2.1529
2.1682
2.1832
2.1983
2.2117
2.2266
2.2407
2.255
2.2692
2.2826
2.2959
2.3092
2.3222
2.3354
2.3479
2.361
2.3734
2.3855
2.3977
2.4096
2.4221
2.4345
2.4458
2.4576
2.4698
2.4815
2.4932
2.5051
2.5164
2.5282
2.5398
2.5512
2.5624
2.5738
2.5856
2.5968
2.6084
2.62
2.6313
2.643
2.654
2.6656
2.6767
2.6884
2.7
2.7119
2.7227
2.7348
2.7461
2.7578
2.7692
2.7813
2.7934
2.8053
2.8168
2.829
2.8409
2.853
2.8651
2.8773
2.8891
2.9017
2.9137
2.9261
2.9383
2.9511
2.9634
2.9763
2.9891
3.0023
3.0148
3.0278
3.0404
3.0535
3.0665
3.08
3.0932
3.1074
3.1203
3.1344
3.1477
3.1617
3.1755
3.19
3.2042
3.2184
3.2323
3.247
3.2615
3.2767
3.2913
3.3064
3.3206
3.3358
3.351
3.3666
3.3817
3.3975
3.4123
3.4287
3.4445
3.461
3.4767
3.4933
3.5096
3.5263
3.5424
3.5597
3.5764
3.5938
3.6109
3.6285
3.6464
3.6645
3.6815
3.6994
3.7173
3.7364
3.7538
3.773
3.7915
3.8104
3.8285
3.8476
3.867
3.8868
3.9054
3.9256
3.9447
3.9656
3.9845
4.005
4.024
4.0453
4.065
4.0873
4.1073
4.1285
4.1502
4.1724
4.1938
4.2165
4.2382
4.2614
4.2839
4.3071
4.3298
4.3543
4.3773
4.402
4.426
4.452
4.4758
4.5016
4.5254
4.5517
4.5769
4.6039
4.6304
4.6586
4.6856
4.7154
4.7434
4.7738
4.8037
4.8368
4.8672
4.9028
4.9354
4.9744
5.0127
5.0552
5.0991
5.1506
5.2076
5.2831
5.381
5.481
5.581
5.681
5.781
5.881
5.981
6.081
6.181
6.281
6.381
6.3992
6.4036
6.4046
6.4055
6.4084
6.4089
6.4115
6.4117
6.4118
6.412
6.4141
6.4148
6.4167
6.4177
6.4194
6.4204
6.4213
6.422
6.4224
6.4233
6.4234
6.4238
6.4238
6.4239
6.4239
6.4239
6.4239
6.4244
6.4253
6.426
6.4261
6.4265
6.4266
6.4274
6.4275
6.4276
6.4276
6.428
6.4283
6.4302
6.4305
6.4312
6.4324
6.4331
6.4343
6.4345
6.4346
6.435
6.435
6.4358
6.4371
6.4402
6.4421
6.4421
6.4431
6.4454
6.4456
6.4462
6.4467
6.4484
6.4527
6.4545
6.4577
6.459
6.4597
6.4638
6.4695
6.4728
6.4736
6.4868
6.5034
6.5055
6.515
6.5273
6.5433
6.5547
6.575
6.5775
6.5977
6.6101
6.632
6.637
6.6666
6.677
6.7101
6.7177
6.7534
6.7562
6.8047
6.8047
6.8553
6.8572
6.9119
6.9147
6.9756
6.9779
7.04
7.0451
7.1123
7.124
7.1928
7.2058
7.2841
7.2953
7.3807
7.3968
7.4867
7.506
7.6052
7.6278
7.7278
7.7396
7.7753
7.8753
7.8825
7.9201
8.0201
8.0497
8.097
8.197
8.2398
8.2873
8.3873
8.4509
8.5232
8.6232
8.6921
8.7744
8.8744
8.97
9.0641
9.1641
9.2641
9.2924
9.3924
9.414
9.514
9.614
9.6786
9.7786
9.8253
9.8278
9.8303
9.8328
9.8353
9.8377
9.8401
9.8425
9.845
9.8473
9.8496
9.8519
9.8543
9.8565
9.8588
9.861
9.8633
9.8654
9.8675
9.8697
9.8718
9.8738
9.8758
9.8777
9.8797
9.8817
9.8837
9.8856
9.8876
9.8895
9.8915
9.8935
9.8955
9.8975
9.8994
9.9014
9.9034
9.9053
9.9073
9.9092
9.9111
9.9131
9.915
9.917
9.919
9.9206
9.9222
9.9237
9.9253
9.9272
9.9291
9.9309
9.9328
9.9345
9.9363
9.938
9.9398
9.9415
9.9432
9.9449
9.9466
9.9483
9.9499
9.9516
9.9532
9.955
9.9567
9.9585
9.9602
9.9619
9.9636
9.9654
9.9671
9.9689
9.9706
9.9724
9.9742
9.9761
9.9779
9.9798
9.9817
9.9835
9.9854
9.9873
9.9891
9.991
9.9928
9.9947
9.9965
9.9974
9.9982
9.9991
10
10.1
10.136
10.236
10.316
10.416
10.516
10.616
10.711
10.811
10.911
10.931
11.031
11.131
11.231
11.331
11.413
11.513
11.613
11.713
11.719
11.819
11.919
12.019
12.119
12.219
12.307
12.351
12.451
12.551
12.651
12.751
12.762
12.862
12.962
13.062
13.162
13.262
13.362
13.433
13.45
13.458
13.558
13.596
13.696
13.796
13.896
13.996
14.096
14.154
14.254
14.354
14.454
14.554
14.654
14.754
14.854
14.899
14.936
15.036
15.136
15.236
15.321
15.421
15.521
15.621
15.721
15.821
15.921
16.021
16.083
16.183
16.283
16.383
16.483
16.583
16.683
16.783
16.883
16.926
17.026
17.126
17.226
17.326
17.426
17.526
17.626
17.726
17.732
17.832
17.932
18.032
18.132
18.232
18.332
18.432
18.532
18.625
18.725
18.825
18.925
19.025
19.125
19.225
19.325
19.425
19.525
19.563
19.663
19.763
19.863
19.963
20.063
20.163
20.263
20.363
20.463
20.538
20.638
20.699
20.799
20.899
20.999
21.099
21.199
21.299
21.399
21.499
21.599
21.699
21.7
21.74
21.84
21.94
22.04
22.14
22.24
22.34
22.44
22.54
22.64
22.74
22.778
22.878
22.978
23.078
23.178
23.278
23.378
23.478
23.578
23.678
23.778
23.856
23.956
24.056
24.107
24.207
24.307
24.407
24.507
24.607
24.707
24.807
24.907
25.007
25.107
25.207
25.214
25.314
25.414
25.514
25.614
25.714
25.814
25.914
26.014
26.114
26.214
26.314
26.367
26.467
26.567
26.667
26.767
26.867
26.967
27.067
27.167
27.267
27.367
27.467
27.533
27.633
27.733
27.833
27.899
27.999
28.099
28.199
28.299
28.399
28.499
28.599
28.699
28.799
28.899
28.999
29.064
29.164
29.264
29.364
29.464
29.564
29.664
29.764
29.864
29.964
30.064
30.164
30.264
30.364
30.414
30.514
30.614
30.714
30.814
30.914
31.014
31.114
31.214
31.314
31.414
31.514
31.614
31.714
31.814
31.819
31.919
31.969
32.069
32.169
32.269
32.369
32.469
32.569
32.669
32.769
32.869
32.969
33.069
33.169
33.264
33.364
33.464
33.564
33.664
33.764
33.864
33.964
34.064
34.164
34.264
34.364
34.464
34.564
34.664
34.755
34.855
34.955
35.055
35.155
35.255
35.355
35.455
35.555
35.655
35.755
35.855
35.955
36.055
36.155
36.255
36.291
36.391
36.491
36.591
36.691
36.791
36.891
36.991
37.091
37.191
37.291
37.391
37.491
37.591
37.691
37.7
37.8
37.9
38
38.1
38.2
38.3
38.4
38.5
38.6
38.7
38.8
38.9
39
39.1
39.2
39.3
39.4
39.424
39.524
39.624
39.724
39.824
39.924
40.024
40.124
40.224
40.324
40.424
40.524
40.624
40.724
40.824
40.924
40.944
41.044
41.144
41.244
41.344
41.444
41.544
41.644
41.744
41.844
41.944
42.044
42.144
42.244
42.344
42.444
42.493
42.593
42.693
42.793
42.893
42.993
43.093
43.193
43.293
43.393
43.493
43.593
43.693
43.793
43.893
43.993
44.093
44.193
44.293
44.393
44.464
44.564
44.664
44.764
44.864
44.964
45.064
45.164
45.264
45.364
45.464
45.564
45.664
45.764
45.864
45.964
46.064
46.131
46.231
46.331
46.431
46.531
46.631
46.731
46.831
46.931
47.031
47.131
47.231
47.331
47.431
47.531
47.535
47.635
47.735
47.835
47.935
48.035
48.135
48.235
48.335
48.435
48.535
48.635
48.735
48.835
48.935
49.035
49.135
49.235
49.335
49.435
49.535
49.635
49.735
49.782
49.882
49.982
49.983
49.983
49.983
49.984
49.984
49.985
49.985
49.986
49.986
49.987
49.987
49.987
49.988
49.988
49.989
49.989
49.99
49.99
49.991
49.991
49.991
49.992
49.992
49.993
49.993
49.994
49.994
49.995
49.995
49.996
49.996
49.996
49.997
49.997
49.998
49.998
49.999
49.999
50
50
