0
0.1
0.2
0.3
0.4
0.5
0.6
0.7
0.8
0.9
1
1.1
1.2
1.3
1.4
1.5
1.6
1.7
1.8
1.9
2
2.1
2.2
2.3
2.4
2.5
2.6
2.7
2.8
2.9
3
3.1
3.2
3.3
3.4
3.5
3.6
3.7
3.8
3.9
4
4.1
4.2
4.3
4.4
4.5
4.6
4.7
4.8
4.9
5
5.1
5.2
5.3
5.4
5.5
5.6
5.7
5.8
5.9
6
6.0028
6.0028
6.003
6.0032
6.0036
6.0053
6.0053
6.0062
6.0065
6.0075
6.0082
6.0088
6.0089
6.009
6.0091
6.0092
6.0094
6.0098
6.01
6.0103
6.0113
6.0119
6.012
6.012
6.0126
6.0133
6.0135
6.0142
6.0154
6.0156
6.0164
6.0177
6.0183
6.0183
6.0201
6.0211
6.0214
6.0218
6.0239
6.0242
6.0253
6.0264
6.0283
6.0287
6.0295
6.0321
6.0331
6.0377
6.0389
6.0442
6.0447
6.0501
6.0509
6.0561
6.0569
6.0632
6.0657
6.071
6.0744
6.0788
6.0836
6.0867
6.0915
6.0931
6.0951
6.0956
6.096
6.0968
6.097
6.0975
6.1015
6.1076
6.1135
6.1185
6.1248
6.1296
6.1384
6.1431
6.1511
6.1562
6.1649
6.1709
6.1805
6.186
6.197
6.2015
6.2152
6.2188
6.2341
6.2383
6.2533
6.2594
6.2753
6.2784
6.2974
6.3006
6.3198
6.3254
6.3455
6.3504
6.3735
6.3767
6.4028
6.407
6.4335
6.4358
6.4652
6.4713
6.5008
6.5035
6.539
6.5441
6.5807
6.5826
6.6228
6.625
6.6665
6.6709
6.716
6.7167
6.7636
6.7718
6.8259
6.8262
6.8265
6.8268
6.8271
6.8296
6.8321
6.8346
6.8371
6.8396
6.8421
6.8446
6.8471
6.8496
6.8521
6.8546
6.8571
6.8596
6.8621
6.8646
6.8671
6.8696
6.8721
6.8746
6.8771
6.8785
6.8798
6.8811
6.8825
6.8825
6.8825
6.8826
6.8826
6.8851
6.8876
6.8901
6.8926
6.8951
6.8976
6.9001
6.9026
6.9051
6.9076
6.9101
6.9126
6.9151
6.9176
6.9201
6.9226
6.9251
6.9276
6.9301
6.9326
6.9351
6.9376
6.9401
6.9426
6.9434
6.9442
6.945
6.9458
6.9471
6.9483
6.9495
6.9508
6.9512
6.9516
6.952
6.9524
6.9536
6.9548
6.956
6.9571
6.9583
6.9595
6.9607
6.9619
6.9631
6.9643
6.9655
6.9667
6.9679
6.969
6.9702
6.9714
6.9726
6.9738
6.975
6.9762
6.9774
6.9786
6.9798
6.981
6.9821
6.9833
6.9845
6.9857
6.9869
6.9881
6.9893
6.9905
6.9917
6.9929
6.994
6.9952
6.9964
6.9976
6.9988
7
7.0047
7.0157
7.0183
7.0873
7.09
7.1687
7.174
7.2537
7.2627
7.3463
7.3488
7.4473
7.4559
7.5559
7.5585
7.5655
7.6655
7.6742
7.6787
7.7787
7.7968
7.803
7.903
7.9316
7.9451
8.0451
8.0971
8.0977
8.1977
8.2708
8.2809
8.3809
8.4581
8.4628
8.5628
8.6592
8.6608
8.7608
8.8608
8.9032
8.9129
9.0129
9.1129
9.1586
9.1605
9.2605
9.3208
9.4208
9.4363
9.4421
9.5421
9.6421
9.7421
9.77
9.784
9.8698
9.8723
9.8748
9.8773
9.8798
9.8823
9.8848
9.8873
9.8898
9.8923
9.8948
9.8973
9.8998
9.9023
9.9048
9.9073
9.9098
9.9123
9.9148
9.9173
9.9198
9.9223
9.9248
9.9273
9.9298
9.9323
9.9348
9.9373
9.9398
9.9423
9.9448
9.9473
9.9498
9.9523
9.9548
9.9573
9.9598
9.9623
9.9648
9.9673
9.9698
9.9705
9.9713
9.972
9.9728
9.9736
9.9743
9.9751
9.9758
9.9766
9.9773
9.9781
9.9788
9.9796
9.9804
9.9811
9.9819
9.9826
9.9834
9.9841
9.9849
9.9856
9.9864
9.9872
9.9879
9.9887
9.9894
9.9902
9.9909
9.9917
9.9924
9.9932
9.994
9.9947
9.9955
9.9962
9.997
9.9977
9.9985
9.9992
10
