0
0.1
0.2
0.3
0.4
0.5
0.6
0.7
0.8
0.83777
0.93777
1.0378
1.0497
1.1497
1.1763
1.2763
1.2812
1.3612
1.4331
1.4915
1.5419
1.5898
1.631
1.6698
1.7054
1.7383
1.7697
1.7985
1.8259
1.8532
1.8766
1.9002
1.9228
1.9435
1.9644
1.9851
2.0049
2.0232
2.0421
2.0604
2.0776
2.094
2.1108
2.1271
2.1429
2.159
2.1741
2.1887
2.2035
2.2183
2.2316
2.2454
2.2593
2.2725
2.2854
2.2982
2.3114
2.3241
2.3369
2.3488
2.3618
2.3741
2.3863
2.3981
2.4105
2.4221
2.4336
2.4454
2.4574
2.4694
2.4812
2.4928
2.5049
2.5163
2.527
2.5381
2.5495
2.5611
2.5721
2.5831
2.5942
2.6058
2.6168
2.6283
2.6394
2.6508
2.6621
2.6735
2.685
2.6961
2.7073
2.7185
2.7291
2.7407
2.7527
2.7644
2.7757
2.7872
2.7987
2.8106
2.822
2.8334
2.8456
2.8567
2.8682
2.8806
2.8925
2.9048
2.9162
2.9289
2.9407
2.9534
2.9657
2.978
2.9904
3.0034
3.016
3.029
3.0417
3.0551
3.0683
3.0816
3.0948
3.1083
3.1219
3.1359
3.1494
3.1636
3.1775
3.1918
3.2056
3.2193
3.2339
3.2482
3.2621
3.2769
3.2914
3.3071
3.3215
3.3367
3.3515
3.3671
3.3826
3.3981
3.4131
3.4296
3.4456
3.4623
3.4775
3.494
3.5095
3.5259
3.5421
3.5597
3.5763
3.5942
3.6114
3.6294
3.6465
3.665
3.6816
3.6996
3.7172
3.736
3.7542
3.7728
3.7915
3.8107
3.8301
3.8499
3.8687
3.8889
3.9073
3.9272
3.9469
3.9671
3.9875
4.0092
4.0296
4.0472
4.0669
4.0862
4.1069
4.1264
4.147
4.1672
4.1888
4.2084
4.2308
4.252
4.275
4.2973
4.3214
4.3432
4.3669
4.3894
4.4135
4.4367
4.4629
4.4872
4.5136
4.54
4.567
4.5939
4.6215
4.6493
4.6789
4.7085
4.7404
4.7699
4.8045
4.8372
4.8719
4.9084
4.9477
4.9873
5.0343
5.0826
5.1442
5.2168
5.3168
5.3228
5.4228
5.5228
5.6228
5.7228
5.8228
5.9228
6.0228
6.0257
6.0258
6.026
6.0268
6.0277
6.0285
6.0286
6.0291
6.0292
6.0303
6.0303
6.0312
6.0312
6.0315
6.0315
6.0319
6.0328
6.0329
6.033
6.033
6.0331
6.0334
6.035
6.0351
6.0354
6.036
6.0369
6.038
6.0391
6.0392
6.0393
6.0415
6.0418
6.0421
6.0423
6.0436
6.0455
6.0456
6.0486
6.0488
6.0501
6.0513
6.0526
6.0556
6.0571
6.06
6.0609
6.0659
6.0662
6.0713
6.0717
6.0779
6.0783
6.0849
6.0851
6.0929
6.093
6.0995
6.1013
6.108
6.11
6.1178
6.1201
6.1216
6.1227
6.1235
6.1242
6.1248
6.1249
6.1289
6.1309
6.1376
6.1404
6.1484
6.1533
6.1594
6.166
6.173
6.1802
6.1866
6.1991
6.2005
6.2111
6.2164
6.2263
6.2354
6.2442
6.2507
6.2633
6.2689
6.2825
6.2897
6.3048
6.3111
6.3269
6.3351
6.3549
6.3586
6.3778
6.3846
6.4082
6.4169
6.4345
6.4414
6.4665
6.4716
6.4994
6.5057
6.5358
6.5423
6.5724
6.5796
6.6129
6.6191
6.6584
6.662
6.701
6.7112
6.7528
6.7583
6.8059
6.8068
6.8077
6.8087
6.8096
6.8105
6.8114
6.8123
6.8133
6.8138
6.8144
6.815
6.8156
6.8181
6.8206
6.8231
6.8256
6.8281
6.8306
6.8331
6.8356
6.8381
6.8406
6.8431
6.8456
6.8481
6.8506
6.8531
6.8556
6.8574
6.8592
6.861
6.8628
6.8637
6.8646
6.8655
6.8664
6.8671
6.8678
6.8685
6.8692
6.8717
6.8742
6.8767
6.8792
6.8817
6.8842
6.8867
6.8892
6.8917
6.8942
6.8967
6.8992
6.9017
6.9042
6.9067
6.9092
6.9117
6.9142
6.9167
6.9192
6.9199
6.9206
6.9212
6.9219
6.9239
6.9258
6.9278
6.9297
6.93
6.9302
6.9305
6.9308
6.9325
6.9342
6.936
6.9377
6.9394
6.9411
6.9429
6.9446
6.9463
6.9481
6.9498
6.9515
6.9533
6.955
6.9567
6.9585
6.9602
6.9619
6.9637
6.9654
6.9671
6.9688
6.9706
6.9723
6.974
6.9758
6.9775
6.9792
6.981
6.9827
6.9844
6.9862
6.9867
6.9873
6.9878
6.9884
6.9887
6.989
6.9893
6.9895
6.9898
6.9901
6.9904
6.9907
6.991
6.9913
6.9916
6.9919
6.9921
6.9923
6.9925
6.9927
6.9929
6.9931
6.9933
6.9934
6.9936
6.9938
6.994
6.9942
6.9943
6.9945
6.9947
6.9949
6.9951
6.9953
6.9954
6.9956
6.9958
6.996
6.9962
6.9964
6.9965
6.9967
6.9969
6.9971
6.9973
6.9974
6.9976
6.9978
6.998
6.9982
6.9984
6.9985
6.9987
6.9989
6.9991
6.9993
6.9995
6.9996
6.9998
7
7.0601
7.0648
7.1331
7.1411
7.2158
7.2228
7.3023
7.3076
7.3784
7.3965
7.402
7.4997
7.5031
7.6031
7.6121
7.6202
7.7202
7.7256
7.737
7.837
7.8711
7.8775
7.9775
8.0046
8.0127
8.1127
8.1703
8.1779
8.2779
8.3496
8.3539
8.4539
8.5498
8.5513
8.6513
8.7396
8.7625
8.8625
8.9625
8.9728
8.9897
9.0897
9.1897
9.2319
9.2569
9.3569
9.4569
9.5318
9.5838
9.6838
9.7838
9.8667
9.8692
9.8717
9.8742
9.8767
9.8792
9.8817
9.8842
9.8867
9.8892
9.8917
9.8942
9.8967
9.8985
9.9003
9.902
9.9038
9.9062
9.9086
9.911
9.9134
9.9158
9.9183
9.9207
9.9231
9.9255
9.9279
9.9303
9.9327
9.9351
9.9375
9.9399
9.9423
9.9447
9.9471
9.9495
9.9519
9.9543
9.9567
9.9591
9.9615
9.9639
9.9663
9.9687
9.9711
9.9736
9.976
9.9784
9.9808
9.9832
9.9856
9.988
9.9904
9.9928
9.9952
9.9976
10
