0
0.016124
0.032248
0.048372
0.064495
0.082763
0.10103
0.1193
0.13756
0.15782
0.17808
0.19834
0.2186
0.2417
0.26481
0.28792
0.31102
0.33825
0.36548
0.39271
0.41994
0.43034
0.44074
0.45114
0.46154
0.47193
0.48233
0.49273
0.50313
0.51271
0.52229
0.53188
0.54146
0.55147
0.56147
0.57148
0.58149
0.59116
0.60083
0.6105
0.62018
0.62867
0.63717
0.64566
0.65416
0.6671
0.68004
0.69298
0.70592
0.71629
0.72666
0.73702
0.74739
0.75626
0.76512
0.77399
0.78286
0.79009
0.79733
0.80456
0.81179
0.81853
0.82526
0.832
0.83873
0.84467
0.85061
0.85655
0.86248
0.86766
0.87283
0.878
0.88317
0.88878
0.8944
0.90001
0.90563
0.91071
0.91579
0.92088
0.92596
0.93035
0.93475
0.93914
0.94354
0.94746
0.95138
0.9553
0.95922
0.96278
0.96633
0.96989
0.97345
0.97696
0.98048
0.98399
0.98751
0.99047
0.99344
0.9964
0.99937
1.002
1.0047
1.0073
1.01
1.013
1.016
1.019
1.0221
1.0257
1.0293
1.033
1.0366
1.0401
1.0436
1.0471
1.0506
1.0535
1.0564
1.0593
1.0622
1.065
1.0678
1.0706
1.0734
1.0762
1.0789
1.0817
1.0844
1.0867
1.089
1.0912
1.0935
1.0956
1.0977
1.0998
1.1019
1.1039
1.1058
1.1077
1.1096
1.1117
1.1139
1.116
1.1182
1.1202
1.1222
1.1243
1.1263
1.128
1.1297
1.1314
1.1331
1.1347
1.1363
1.1379
1.1395
1.1412
1.143
1.1448
1.1465
1.1486
1.1508
1.1529
1.155
1.1568
1.1585
1.1602
1.1619
1.1637
1.1654
1.1671
1.1689
1.171
1.1731
1.1752
1.1773
1.1794
1.1815
1.1836
1.1856
1.1877
1.1899
1.192
1.1941
1.1961
1.1981
1.2001
1.202
1.204
1.2059
1.2079
1.2098
1.2116
1.2135
1.2154
1.2172
1.2193
1.2214
1.2235
1.2256
1.2278
1.2299
1.232
1.2342
1.2362
1.2383
1.2404
1.2424
1.2444
1.2463
1.2482
1.2502
1.2521
1.254
1.2559
1.2578
1.2598
1.2617
1.2637
1.2657
1.2674
1.2691
1.2707
1.2724
1.2744
1.2763
1.2783
1.2802
1.2821
1.2839
1.2858
1.2877
1.2896
1.2916
1.2935
1.2955
1.2977
1.2998
1.302
1.3042
1.3063
1.3084
1.3105
1.3126
1.3148
1.3169
1.319
1.3212
1.3236
1.3259
1.3283
1.3306
1.3329
1.3353
1.3376
1.3399
1.3419
1.344
1.346
1.348
1.3499
1.3518
1.3536
1.3555
1.3574
1.3594
1.3613
1.3632
1.3652
1.3671
1.3691
1.371
1.3729
1.3748
1.3767
1.3785
1.3806
1.3827
1.3848
1.3869
1.389
1.3911
1.3932
1.3953
1.3973
1.3992
1.4012
1.4032
1.4055
1.4079
1.4102
1.4126
1.4149
1.4173
1.4196
1.4219
1.4245
1.4272
1.4298
1.4324
1.4352
1.4379
1.4407
1.4435
1.446
1.4486
1.4511
1.4537
1.4558
1.4579
1.46
1.4621
1.4642
1.4663
1.4684
1.4705
1.4725
1.4744
1.4763
1.4783
1.4804
1.4824
1.4845
1.4866
1.489
1.4913
1.4937
1.4961
1.4986
1.5012
1.5037
1.5063
1.5088
1.5113
1.5139
1.5164
1.5188
1.5213
1.5238
1.5262
1.5286
1.5311
1.5335
1.5359
1.5382
1.5405
1.5429
1.5452
1.5475
1.5499
1.5522
1.5546
1.5566
1.5585
1.5605
1.5625
1.5646
1.5668
1.569
1.5712
1.5732
1.5753
1.5773
1.5793
1.5815
1.5837
1.5859
1.5881
1.5902
1.5923
1.5944
1.5965
1.5984
1.6004
1.6023
1.6043
1.6064
1.6085
1.6106
1.6126
1.6149
1.6172
1.6194
1.6217
1.6241
1.6264
1.6288
1.6311
1.6334
1.6358
1.6381
1.6404
1.6427
1.6449
1.6472
1.6495
1.6517
1.6538
1.656
1.6581
1.6602
1.6623
1.6643
1.6664
1.6684
1.6705
1.6725
1.6746
1.6769
1.6792
1.6815
1.6838
1.6862
1.6886
1.691
1.6933
1.6958
1.6983
1.7007
1.7032
1.7056
1.7079
1.7103
1.7126
1.715
1.7173
1.7196
1.7219
1.7243
1.7268
1.7293
1.7317
1.734
1.7364
1.7387
1.741
1.7434
1.7458
1.7481
1.7505
1.7526
1.7547
1.7568
1.7588
1.7608
1.7628
1.7648
1.7667
1.7687
1.7707
1.7728
1.7748
1.7769
1.7791
1.7813
1.7835
1.7857
1.7878
1.79
1.7922
1.7943
1.7964
1.7985
1.8007
1.8027
1.8047
1.8067
1.8087
1.8108
1.813
1.8152
1.8173
1.8195
1.8217
1.8239
1.8261
1.8281
1.8302
1.8322
1.8342
1.8364
1.8385
1.8407
1.8428
1.845
1.8472
1.8494
1.8516
1.8537
1.8558
1.8579
1.8601
1.862
1.864
1.8659
1.8679
1.8702
1.8725
1.8748
1.8771
1.8793
1.8815
1.8836
1.8858
1.8881
1.8904
1.8928
1.8951
1.8975
1.8998
1.9022
1.9046
1.9071
1.9096
1.9121
1.9147
1.9173
1.9199
1.9225
1.9252
1.9277
1.9302
1.9328
1.9353
1.9379
1.9405
1.9431
1.9457
1.9485
1.9513
1.9541
1.9569
1.9594
1.962
1.9645
1.9671
1.9698
1.9724
1.9751
1.9778
1.9804
1.983
1.9856
1.9882
1.9908
1.9934
1.996
1.9987
2.0012
2.0038
2.0063
2.0089
2.0114
2.0139
2.0165
2.019
2.0216
2.0242
2.0268
2.0294
2.032
2.0346
2.0371
2.0397
2.042
2.0444
2.0467
2.049
2.0513
2.0536
2.0559
2.0581
2.0603
2.0626
2.0648
2.067
2.0692
2.0715
2.0738
2.076
2.0784
2.0807
2.083
2.0853
2.0877
2.09
2.0924
2.0948
2.0973
2.0997
2.1022
2.1046
2.1072
2.1098
2.1124
2.115
2.1177
2.1203
2.123
2.1257
2.1283
2.131
2.1336
2.1362
2.1389
2.1416
2.1443
2.147
2.1498
2.1525
2.1553
2.158
2.1608
2.1636
2.1664
2.1692
2.1719
2.1746
2.1773
2.1799
2.1825
2.185
2.1876
2.1901
2.1926
2.1951
2.1976
2.2
2.2025
2.205
2.2075
2.21
2.2125
2.215
2.2176
2.2201
2.2224
2.2247
2.2269
2.2292
2.2315
2.2338
2.2361
2.2384
2.2408
2.2431
2.2454
2.2477
2.2499
2.2521
2.2543
2.2566
2.2589
2.2613
2.2637
2.2661
2.2685
2.2709
2.2733
2.2757
2.2782
2.2806
2.283
2.2854
2.2879
2.2905
2.293
2.2955
2.2979
2.3004
2.3029
2.3053
2.3076
2.31
2.3123
2.3147
2.317
2.3193
2.3216
2.3239
2.3264
2.3289
2.3313
2.3338
2.3364
2.3389
2.3415
2.344
2.3465
2.3489
2.3514
2.3538
2.3563
2.3587
2.3612
2.3636
2.3662
2.3687
2.3713
2.3738
2.3764
2.3789
2.3814
2.384
2.3866
2.3892
2.3919
2.3945
2.3971
2.3997
2.4023
2.4049
2.4076
2.4102
2.4129
2.4155
2.4182
2.421
2.4237
2.4264
2.4288
2.4312
2.4336
2.436
2.4383
2.4406
2.4429
2.4452
2.4476
2.4501
2.4526
2.4551
2.4576
2.4601
2.4625
2.465
2.4675
2.47
2.4724
2.4749
2.4776
2.4802
2.4829
2.4855
2.4882
2.491
2.4937
2.4964
2.499
2.5017
2.5043
2.5069
2.5096
2.5122
2.5148
2.5175
2.5201
2.5227
2.5254
2.528
2.5307
2.5335
2.5362
2.5389
2.5416
2.5444
2.5471
2.5498
2.5523
2.5549
2.5574
2.56
2.5624
2.5648
2.5672
2.5696
2.572
2.5743
2.5766
2.579
2.5814
2.5838
2.5862
2.5886
2.5909
2.5932
2.5956
2.5979
2.6002
2.6025
2.6048
2.6072
2.6094
2.6115
2.6137
2.6159
2.6182
2.6205
2.6227
2.625
2.6274
2.6298
2.6322
2.6346
2.6369
2.6392
2.6415
2.6438
2.6462
2.6486
2.651
2.6534
2.656
2.6585
2.661
2.6635
2.6661
2.6687
2.6713
2.6738
2.6764
2.679
2.6815
2.6841
2.6866
2.6891
2.6915
2.694
2.6964
2.6988
2.7012
2.7036
2.706
2.7085
2.711
2.7135
2.716
2.7186
2.7211
2.7237
2.7262
2.7288
2.7313
2.7338
2.7363
2.7388
2.7412
2.7437
2.7461
2.7485
2.7509
2.7533
2.7555
2.7578
2.7601
2.7624
2.7647
2.767
2.7693
2.7716
2.774
2.7764
2.7788
2.7812
2.7836
2.7861
2.7885
2.7909
2.7932
2.7955
2.7978
2.8001
2.8025
2.8049
2.8072
2.8096
2.8119
2.8142
2.8164
2.8187
2.8209
2.8231
2.8253
2.8274
2.8297
2.832
2.8342
2.8365
2.8387
2.841
2.8432
2.8454
2.8477
2.8499
2.8521
2.8544
2.8564
2.8585
2.8606
2.8626
2.8648
2.8669
2.8691
2.8713
2.8733
2.8754
2.8774
2.8795
2.8815
2.8835
2.8855
2.8875
2.8895
2.8915
2.8936
2.8956
2.8976
2.8997
2.9017
2.9037
2.9059
2.908
2.9102
2.9123
2.9144
2.9165
2.9186
2.9207
2.9228
2.9249
2.927
2.9291
2.931
2.933
2.9349
2.9369
2.9389
2.9408
2.9428
2.9448
2.9468
2.9488
2.9508
2.9528
2.9547
2.9567
2.9587
2.9607
2.9626
2.9645
2.9664
2.9684
2.9703
2.9722
2.9741
2.976
2.9778
2.9796
2.9814
2.9831
2.9849
2.9867
2.9884
2.9902
2.992
2.9939
2.9957
2.9975
2.9993
3.0011
3.0028
3.0046
3.0063
3.0079
3.0096
3.0113
3.013
3.0147
3.0164
3.0181
3.0198
3.0215
3.0232
3.0248
3.0265
3.0282
3.0299
3.0316
3.0334
3.0352
3.0369
3.0387
3.0405
3.0423
3.0441
3.0459
3.0477
3.0495
3.0513
3.0532
3.0549
3.0567
3.0585
3.0602
3.062
3.0637
3.0655
3.0672
3.0689
3.0706
3.0723
3.074
3.0758
3.0775
3.0793
3.081
3.0828
3.0846
3.0864
3.0883
3.0901
3.0919
3.0937
3.0956
3.0974
3.0993
3.1011
3.1029
3.1048
3.1067
3.1085
3.1104
3.1123
3.1142
3.1161
3.118
3.1197
3.1215
3.1232
3.1249
3.1268
3.1287
3.1307
3.1326
3.1345
3.1365
3.1384
3.1403
3.1421
3.1438
3.1455
3.1473
3.149
3.1507
3.1525
3.1542
3.156
3.1577
3.1594
3.1612
3.1628
3.1644
3.166
3.1677
3.1693
3.171
3.1727
3.1744
3.1762
3.178
3.1798
3.1816
3.1834
3.1853
3.1872
3.189
3.1909
3.1928
3.1946
3.1965
3.1984
3.2003
3.2022
3.2041
3.2058
3.2076
3.2093
3.2111
3.2128
3.2146
3.2163
3.2181
3.2199
3.2217
3.2234
3.2252
3.227
3.2289
3.2307
3.2325
3.2344
3.2363
3.2382
3.24
3.2419
3.2437
3.2455
3.2474
3.2492
3.2509
3.2527
3.2545
3.2563
3.258
3.2598
3.2615
3.2633
3.265
3.2667
3.2685
3.2701
3.2717
3.2733
3.2749
3.2766
3.2783
3.28
3.2817
3.2834
3.2851
3.2868
3.2884
3.29
3.2916
3.2932
3.2948
3.2964
3.2981
3.2997
3.3013
3.3028
3.3044
3.306
3.3075
3.309
3.3106
3.3121
3.3136
3.3153
3.3169
3.3185
3.3201
3.3218
3.3234
3.3251
3.3267
3.3283
3.3299
3.3315
3.3331
3.3348
3.3365
3.3382
3.3398
3.3416
3.3433
3.345
3.3467
3.3483
3.3499
3.3515
3.3532
3.3547
3.3563
3.3579
3.3595
3.3611
3.3627
3.3644
3.366
3.3676
3.3693
3.3709
3.3726
3.3743
3.376
3.3778
3.3795
3.3812
3.3829
3.3846
3.3863
3.388
3.3897
3.3913
3.393
3.3947
3.3963
3.3979
3.3996
3.4012
3.4029
3.4046
3.4062
3.408
3.4098
3.4116
3.4134
3.4152
3.417
3.4188
3.4207
3.4223
3.424
3.4257
3.4274
3.429
3.4306
3.4322
3.4338
3.4354
3.4371
3.4387
3.4404
3.4421
3.4437
3.4454
3.4471
3.4488
3.4506
3.4523
3.454
3.4558
3.4576
3.4594
3.4611
3.463
3.4648
3.4666
3.4684
3.4702
3.4719
3.4737
3.4755
3.4772
3.479
3.4808
3.4826
3.4842
3.4859
3.4876
3.4892
3.491
3.4927
3.4944
3.4961
3.4978
3.4995
3.5012
3.5029
3.5046
3.5063
3.5079
3.5096
3.5113
3.5131
3.5148
3.5165
3.5182
3.5198
3.5215
3.5231
3.5248
3.5265
3.5282
3.5299
3.5316
3.5333
3.5351
3.5368
3.5387
3.5405
3.5424
3.5443
3.5462
3.548
3.5499
3.5518
3.5538
3.5558
3.5577
3.5597
3.5617
3.5637
3.5658
3.5678
3.5697
3.5717
3.5736
3.5755
3.5774
3.5793
3.5812
3.5832
3.5851
3.587
3.5889
3.5908
3.5926
3.5945
3.5964
3.5983
3.6002
3.6021
3.604
3.6059
3.6078
3.6098
3.6117
3.6137
3.6157
3.6176
3.6196
3.6216
3.6234
3.6253
3.6271
3.629
3.6309
3.6328
3.6348
3.6367
3.6386
3.6406
3.6425
3.6444
3.6464
3.6485
3.6505
3.6526
3.6547
3.6568
3.6589
3.661
3.663
3.665
3.6671
3.6691
3.6711
3.6731
3.6751
3.6771
3.6791
3.6812
3.6832
3.6852
3.6872
3.6893
3.6913
3.6934
3.6955
3.6976
3.6997
3.7018
3.7038
3.7059
3.7079
3.71
3.7119
3.7139
3.7159
3.7178
3.7198
3.7218
3.7237
3.7257
3.7277
3.7298
3.7318
3.7339
3.736
3.7382
3.7403
3.7425
3.7447
3.7468
3.749
3.7512
3.7535
3.7558
3.7581
3.7605
3.7629
3.7653
3.7677
3.7702
3.7726
3.775
3.7774
3.7798
3.7823
3.7849
3.7874
3.7899
3.7916
3.7933
3.795
3.7967
3.7994
3.8022
3.8049
3.8077
3.813
3.8184
3.8237
3.829
3.8344
3.8397
3.845
3.8504
3.8513
3.8523
3.8532
3.8541
3.8567
3.8593
3.8618
3.8644
3.8714
3.8785
3.8856
3.8927
3.8947
3.8967
3.8987
3.9008
3.9096
3.9184
3.9272
3.936
3.9379
3.9398
3.9417
3.9436
3.9484
3.9532
3.958
3.9627
3.9629
3.9631
3.9632
3.9634
3.9708
3.9781
3.9855
3.9929
3.9931
3.9933
3.9936
3.9938
3.9985
4.0033
4.0081
4.0128
4.0139
4.015
4.0162
4.0173
4.02
4.0228
4.0255
4.0282
4.0289
4.0295
4.0302
4.0308
4.0336
4.0365
4.0393
4.0421
4.043
4.0439
4.0448
4.0458
4.0491
4.0524
4.0558
4.0591
4.0592
4.0592
4.0593
4.0593
4.0636
4.068
4.0723
4.0766
4.0767
4.0769
4.077
4.0771
4.0801
4.0832
4.0862
4.0892
4.0894
4.0896
4.0897
4.0899
4.0919
4.0939
4.096
4.098
4.0989
4.0997
4.1006
4.1014
4.1048
4.1082
4.1116
4.1149
4.1152
4.1154
4.1156
4.1158
4.1181
4.1203
4.1226
4.1248
4.1255
4.1261
4.1267
4.1274
4.1287
4.1301
4.1314
4.1328
4.1336
4.1344
4.1353
4.1361
4.1387
4.1413
4.1438
4.1464
4.1467
4.147
4.1473
4.1477
4.1498
4.152
4.1542
4.1563
4.1569
4.1574
4.158
4.1585
4.1604
4.1623
4.1642
4.1661
4.1668
4.1675
4.1682
4.1689
4.1712
4.1734
4.1757
4.178
4.1786
4.1793
4.18
4.1807
4.1828
4.1848
4.1869
4.189
4.1897
4.1904
4.1911
4.1918
4.1936
4.1955
4.1973
4.1992
4.2007
4.2022
4.2037
4.2052
4.2065
4.2077
4.2089
4.2102
4.2106
4.211
4.2114
4.2118
4.2136
4.2154
4.2171
4.2189
4.2196
4.2203
4.2211
4.2218
4.2243
4.2268
4.2293
4.2318
4.2333
4.2347
4.2362
4.2376
4.2389
4.2401
4.2414
4.2426
4.2436
4.2445
4.2454
4.2464
4.2488
4.2512
4.2537
4.2561
4.2567
4.2572
4.2578
4.2583
4.2603
4.2622
4.2642
4.2661
4.2672
4.2682
4.2693
4.2703
4.2725
4.2747
4.2769
4.2791
4.2812
4.2833
4.2854
4.2875
4.2889
4.2902
4.2916
4.293
4.2956
4.2982
4.3008
4.3034
4.3048
4.3061
4.3075
4.3089
4.3114
4.314
4.3166
4.3191
4.3203
4.3215
4.3227
4.3239
4.326
4.3282
4.3303
4.3325
4.3348
4.3372
4.3395
4.3419
4.3447
4.3476
4.3505
4.3533
4.3547
4.3561
4.3575
4.3588
4.363
4.3673
4.3715
4.3757
4.3775
4.3793
4.3811
4.3829
4.3875
4.3922
4.3968
4.4015
4.4017
4.402
4.4023
4.4025
4.4042
4.4059
4.4076
4.4093
4.414
4.4186
4.4233
4.428
4.4294
4.4308
4.4322
4.4337
4.4354
4.4371
4.4387
4.4404
4.4451
4.4498
4.4545
4.4593
4.4637
4.4681
4.4725
4.477
4.4777
4.4784
4.4792
4.4799
4.4847
4.4894
4.4942
4.499
4.5042
4.5093
4.5145
4.5197
4.5242
4.5286
4.533
4.5375
4.5375
4.5375
4.5375
4.5375
4.5423
4.5472
4.5521
4.5569
4.5616
4.5662
4.5708
4.5755
4.5808
4.5861
4.5914
4.5967
4.6032
4.6097
4.6163
4.6228
4.6265
4.6302
4.6339
4.6376
4.6395
4.6414
4.6433
4.6452
4.6503
4.6553
4.6604
4.6655
4.6728
4.6801
4.6874
4.6947
4.7033
4.712
4.7206
4.7292
4.7381
4.7469
4.7558
4.7647
4.7735
4.7824
4.7913
4.8002
4.809
4.8179
4.8268
4.8356
4.8445
4.8534
4.8622
4.8711
4.88
4.8889
4.8977
4.9066
4.9155
4.9243
4.9332
4.9421
4.9509
4.9598
4.9687
4.9776
4.9832
4.9888
4.9944
5
5.0059
5.0117
5.0176
5.0235
5.036
5.0485
5.0611
5.0736
5.0817
5.0897
5.0977
5.1057
5.1058
5.1059
5.106
5.1061
5.1061
5.1061
5.1062
5.1062
5.1063
5.1065
5.1066
5.1068
5.1071
5.1074
5.1077
5.108
5.1082
5.1084
5.1087
5.1089
5.1645
5.2202
5.2758
5.3314
5.4537
5.576
5.6983
5.8205
5.9428
6.0651
6.1874
6.3096
6.4319
6.5542
6.6765
6.7988
6.921
7.0433
7.1656
7.2879
7.4101
7.5324
7.6547
7.777
7.8993
8.0215
8.1438
8.2661
8.3884
8.5106
8.6329
8.7552
8.8775
8.9998
9.122
9.2443
9.3666
9.4889
9.6111
9.7334
9.8001
9.8667
9.9334
10
