0
0.1
0.2
0.3
0.4
0.5
0.6
0.7
0.8
0.9
1
1.1
1.2
1.3
1.4
1.5
1.6
1.7
1.8
1.9
2
2.1
2.2
2.3
2.4
2.5
2.6
2.7
2.8
2.9
3
3.1
3.2
3.3
3.4
3.5
3.6
3.7
3.8
3.9
4
4.1
4.2
4.3
4.4
4.5
4.6
4.7
4.8
4.9
5
5.1
5.2
5.3
5.4
5.5
5.6
5.7
5.8
5.9
6
6.0035
0.00040046
0.00027395
8.0736e-006
0.00011656
0.00014943
0.00024219
0.0011233
0.00091375
4.9889e-005
0.0017757
2.2813e-006
0.0009198
3.1299e-005
0.0001223
0.00040232
0.00014018
2.8057e-005
0.0006433
0.00041298
0.00030268
0.0004798
0.00030507
0.00016609
0.00027243
0.00079032
9.7488e-005
0.00033182
0.0016507
9.2621e-005
0.0005605
0.0018957
2.0385e-005
6.0086e-005
0.0014037
0.00031438
0.0014413
0.00059156
0.0015455
0.0010377
0.00020192
0.0025386
0.0004145
0.0009908
0.0011675
0.0028974
0.0012391
0.0046222
0.00021966
0.0050853
0.00086845
0.0053186
0.00064312
0.0058428
0.0020559
0.0053046
0.0013894
0.0056614
0.0016853
0.0058997
0.0033729
0.0048976
0.0054873
0.0011883
0.0020042
0.00046835
0.00052282
0.00027668
0.00048408
0.00039713
0.0055643
0.0034258
0.0066612
0.0049417
0.0068868
0.0056051
0.0071297
0.003981
0.0092352
0.0037026
0.010599
0.0054527
0.010005
0.004912
0.01172
0.0055981
0.010385
0.0043817
0.013541
0.0062788
0.014436
0.0067574
0.013963
0.0062473
0.017829
0.0045775
0.017733
0.0082597
0.01919
0.0038076
0.022291
0.0038485
0.02616
0.004623
0.025055
0.0047506
0.030616
0.0062971
0.027435
0.0019508
0.036209
0.0017677
0.038748
0.0033844
0.03946
0.00064508
0.043389
0.0037209
0.047099
0.001406
0.049524
0.00074165
0.056687
0.00036377
0.06045
9.8457e-005
0.058299
0.0044989
0.067487
0.0049926
0.06476
0.0045559
0.034457
0.04478
0.006612
0.0084612
0.070099
0.0023699
0.087899
0.0016294
0.09994
0.00018916
0.1
0.11148
0.0053462
0.1
0.10351
0.0021026
0.1
0.13315
0.0092923
0.1
0.13411
0.004765
0.1
0.15286
0.0025052
0.1
0.15967
0.01238
0.1
0.1719
0.018189
0.1
0.18985
0.0020337
0.1
0.2
0.23461
0.005615
0.1
0.2
0.26117
2.3696e-005
0.1
0.10761
0.013268
0.1
0.1422
0.010103
0.1
0.2
0.3
0.32709
0.010754
0.1
0.2
0.3
0.38113
0.010002
0.1
0.2
0.3
0.4
0.40653
0.053333
0.1
0.2
0.3
0.4
0.44968
0.0038779
0.1
0.2
0.3
0.4
0.5
0.54011
0.00061231
0.1
0.2
0.3
0.4
0.5
0.6
0.7
0.71213
0.042695
0.1
0.2
0.3
0.4
0.5
0.6
0.7
0.74754
0.009507
0.081141
0.1
0.2
0.3
0.4
0.5
0.6
0.7
0.8
0.80888
0.095908
0.1
0.2
0.3
0.31419
0.1
0.2
0.3
0.4
0.5
0.6
0.68377
0.030633
0.1
0.2
0.3
0.4
0.5
0.6
0.7
0.8
0.9
1
1.1
1.1485
0.1
0.2
0.21527
0.1
0.2
0.3
0.4
0.5
0.6
0.7
0.8
0.9
1
1.1
1.1946
0.025616
0.1
0.2
0.3
0.4
0.5
0.6
0.7
0.8
0.9
1
1.1
1.2
1.3
1.3151
0.1
0.2
0.21808
0.1
0.15028
0.1
0.2
0.3
0.33635
0.1
0.2
0.3
0.4
0.5
0.6
0.7
0.8
0.9
1
1.1
1.1011
0.1
0.16193
0.1
0.2
0.3
0.4
0.5
0.6
0.7
0.8
0.9
1
1.1
1.2
1.3
1.3483
0.1
0.2
0.3
0.4
0.5
0.52174
0.1
0.2
0.3
0.4
0.5
0.6
0.7
0.8
0.9
1
1.1
1.1919
0.1
0.2
0.3
0.4
0.41988
0.1
0.2
0.3
0.4
0.5
0.6
0.7
0.8
0.9
1
1.0634
0.1
0.11788
0.1
0.2
0.3
0.3726
0.1
0.15706
0.1
0.2
0.3
0.4
0.5
0.6
0.7
0.8
0.9
1
1.1
1.2
1.3
1.4
1.4713
0.1
0.2
0.3
0.36787
0.1
0.2
0.3
0.4
0.5
0.6
0.7
0.8
0.88957
0.1
0.2
0.3
0.4
0.5
0.6
0.7
0.8
0.9
0.95182
0.1
0.2
0.20324
0.1
0.2
0.3
0.4
0.5
0.6
0.7
0.8
0.9
1
1.0246
0.1
0.2
0.3
0.4
0.5
0.6
0.7
0.75336
0.030403
0.1
0.2
0.3
0.4
0.5
0.6
0.61622
0.1
0.2
0.3
0.4
0.41783
0.1
0.2
0.3
0.4
0.5
0.51289
0.1
0.2
0.3
0.4
0.40787
0.1
0.2
0.3
0.4
0.5
0.6
0.7
0.8
0.9
1
1.1
1.2
1.3
1.4
1.4059
0.1
0.2
0.3
0.4
0.41101
0.1
0.15335
0.1
0.2
0.3
0.4
0.5
0.57651
0.1
0.2
0.3
0.4
0.46927
0.1
0.2
0.3
0.4
0.45688
0.064019
0.1
0.16363
0.1
0.2
0.3
0.4
0.5
0.6
0.7
0.73183
0.06299
0.1
0.2
0.3
0.33623
0.1
0.13797
0.0064342
0.019921
0.1
0.2
0.25514
0.1
0.2
0.3
0.4
0.5
0.6
0.7
0.8
0.9
1
1.1
1.1746
0.1
0.2
0.3
0.4
0.47731
0.1
0.2
0.3
0.4
0.5
0.6
0.7
0.8
0.80844
0.1
0.2
0.3
0.4
0.5
0.6
0.61249
0.1
0.14023
0.09643
0.1
0.2
0.3
0.4
0.5
0.6
0.7
0.8
0.9
1
1.1
1.2
1.3
1.4
1.5
1.6
1.7
1.8
1.9
2
2.1
2.2
2.3
2.4
2.5
2.6
2.7
2.8
2.9
3
3.1
3.2
3.3
3.4
3.5
3.6
3.7
3.8
3.9
4
4.1
4.2
4.3
4.4
4.5
4.6
4.7
4.8
4.9
5
5.1
5.2
5.3
5.4
5.5
5.6
5.7
5.8
5.9
6
6.1
6.2
6.3
6.4
6.5
6.6
6.7
6.8
6.9
7
7.1
7.2
7.3
7.4
7.5
7.6
7.7
7.8
7.9
8
8.1
8.2
8.3
8.4
8.5
8.6
8.7
8.8
8.9
9
9.1
9.2
9.3
9.4
9.5
9.6
9.7
9.8
9.9
10
