0
0.1
0.2
0.3
0.4
0.5
0.6
0.7
0.8
0.9
1
1.1
1.2
1.3
1.4
1.5
1.6
1.7
1.8
1.9
2
2.1
2.2
2.3
2.4
2.5
2.6
2.7
2.8
2.9
3
3.1
3.2
3.3
3.4
3.5
3.6
3.7
3.8
3.9
4
4.1
4.2
4.3
4.4
4.5
4.6
4.7
4.8
4.9
5
5.1
5.2
5.3
5.4
5.5
5.6
5.7
5.8
5.9
6
6.0307
6.0319
6.0331
6.0332
6.0337
6.0338
6.1338
6.2338
6.3338
6.4338
6.5338
6.6338
6.7338
6.8338
6.9338
7.0338
7.1338
7.2338
7.3338
7.4338
7.5338
7.6338
7.7338
7.8338
7.9338
8.0338
8.1338
8.2338
8.3338
8.4338
8.5338
8.6338
8.7338
8.8338
8.9338
9.0338
9.1338
9.2338
9.3338
9.4338
9.5338
9.6338
9.7338
9.8338
9.9338
9.9354
9.9371
9.9387
9.9404
9.9421
9.9437
9.9454
9.947
9.9487
9.9503
9.952
9.9536
9.9553
9.957
9.9586
9.9603
9.9619
9.9636
9.9652
9.9669
9.9685
9.9702
9.9719
9.9735
9.9752
9.9768
9.9785
9.9801
9.9818
9.9834
9.9851
9.9868
9.9884
9.9901
9.9917
9.9934
9.995
9.9967
9.9983
10
