0
0.1
0.2
0.3
0.4
0.5
0.6
0.7
0.8
0.9
0.94408
1.0441
1.1441
1.2441
1.3441
1.4441
1.5441
1.6441
1.7441
1.8441
1.9441
2.0441
2.1441
2.2441
2.3441
2.4441
2.5441
2.6441
2.7441
2.8441
2.9441
3.0441
3.1441
3.2441
3.3441
3.4441
3.5441
3.6441
3.7441
3.8441
3.9441
4.0441
4.1441
4.2441
4.3441
4.4441
4.5441
4.6441
4.7441
4.8441
4.9441
5.0441
5.1441
5.2441
5.3441
5.4441
5.5441
5.6441
5.7441
5.8441
5.9441
6.0441
6.0609
6.0626
6.0635
6.0639
6.0645
6.0645
6.1645
6.2645
6.3645
6.4645
6.5645
6.6645
6.7645
6.8645
6.9645
7.0645
7.1645
7.2645
7.3645
7.4645
7.5645
7.6645
7.7645
7.8645
7.9645
8.0645
8.1645
8.2645
8.3645
8.4645
8.5645
8.6645
8.7645
8.8645
8.9645
9.0645
9.1645
9.2645
9.3645
9.4645
9.5645
9.6645
9.7645
9.8645
9.9645
9.9654
9.9663
9.9672
9.9681
9.969
9.9698
9.9707
9.9716
9.9725
9.9734
9.9743
9.9752
9.9761
9.9769
9.9778
9.9787
9.9796
9.9805
9.9814
9.9823
9.9832
9.984
9.9849
9.9858
9.9867
9.9876
9.9885
9.9894
9.9902
9.9911
9.992
9.9929
9.9938
9.9947
9.9956
9.9965
9.9973
9.9982
9.9991
10
