0
0.1
0.2
0.3
0.4
0.5
0.6
0.7
0.8
0.9
1
1.1
1.2
1.3
1.4
1.5
1.6
1.7
1.8
1.9
2
2.1
2.2
2.3
2.4
2.5
2.6
2.7
2.8
2.9
3
3.1
3.2
3.3
3.4
3.5
3.6
3.7
3.8
3.9
4
4.1
4.2
4.3
4.4
4.5
4.6
4.7
4.8
4.9
5
5.1
5.2
5.3
5.4
5.5
5.6
5.7
5.8
5.9
6
6.053
6.0552
6.0559
6.056
6.0564
6.0565
6.1565
6.2565
6.3565
6.4565
6.5565
6.6565
6.7565
6.8565
6.9565
7.0565
7.1565
7.2565
7.3565
7.4565
7.5565
7.6565
7.7565
7.8565
7.9565
8.0565
8.1565
8.2565
8.3565
8.4565
8.5565
8.6565
8.7565
8.8565
8.9565
9.0565
9.1565
9.2565
9.3565
9.4565
9.5565
9.6565
9.7565
9.8565
9.9565
9.9576
9.9587
9.9597
9.9608
9.9619
9.963
9.9641
9.9652
9.9663
9.9674
9.9684
9.9695
9.9706
9.9717
9.9728
9.9739
9.975
9.9761
9.9772
9.9782
9.9793
9.9804
9.9815
9.9826
9.9837
9.9848
9.9859
9.9869
9.988
9.9891
9.9902
9.9913
9.9924
9.9935
9.9946
9.9956
9.9967
9.9978
9.9989
10
